<?xml version="1.0" encoding="UTF-8"?><sporemodel>
  <formatversion>18</formatversion>
  <properties>
    <modeltype>0x4178b8e8</modeltype>
    <skineffect1>0x32fe45f6</skineffect1>
    <skineffect2>0x97e43b59</skineffect2>
    <skineffect3>0x27dee652</skineffect3>
    <skineffectseed1>1234</skineffectseed1>
    <skineffectseed2>1234</skineffectseed2>
    <skineffectseed3>1234</skineffectseed3>
    <skincolor1>0,0,0</skincolor1>
    <skincolor2>0.576470,0.0666666,0.0274509</skincolor2>
    <skincolor3>0,0,0</skincolor3>
    <zcorpscore>1</zcorpscore>
  </properties>
  <blocks count="63">
    <blockref>
      <blockid>0x40626000, 0xd05c53a3</blockid>
      <transform>
        <scale>0.340691</scale>
        <position>0,0.516072,1.131391</position>
        <triangledirection>0,-0.00204265,-0.999997</triangledirection>
        <trianglepickorigin>0,0,0</trianglepickorigin>
        <orientation>
          <row0>1.000000,0,0</row0>
          <row1>0,-0.00204265,-0.999997</row1>
          <row2>0,0.999997,-0.00204265</row2>
        </orientation>
      </transform>
      <snapped>false</snapped>
      <childlist count="1">
        <childid>1</childid>
      </childlist>
      <isasymmetric>false</isasymmetric>
    </blockref>
    <blockref>
      <blockid>0x40626000, 0xd05c53a3</blockid>
      <transform>
        <scale>0.379667</scale>
        <position>0,0.496862,1.027722</position>
        <triangledirection>0,-0.356407,-0.934330</triangledirection>
        <trianglepickorigin>0,0,0</trianglepickorigin>
        <orientation>
          <row0>1,0,0</row0>
          <row1>0,-0.356407,-0.934330</row1>
          <row2>0,0.934330,-0.356407</row2>
        </orientation>
      </transform>
      <snapped>false</snapped>
      <childlist count="1">
        <childid>2</childid>
      </childlist>
      <isasymmetric>false</isasymmetric>
    </blockref>
    <blockref>
      <blockid>0x40626000, 0xd05c53a3</blockid>
      <transform>
        <scale>0.547831</scale>
        <position>0,0.439073,0.942296</position>
        <triangledirection>0,-0.734614,-0.678485</triangledirection>
        <trianglepickorigin>0,0,0</trianglepickorigin>
        <orientation>
          <row0>1.000000,0,0</row0>
          <row1>0,-0.734614,-0.678485</row1>
          <row2>0,0.678485,-0.734614</row2>
        </orientation>
      </transform>
      <snapped>false</snapped>
      <childlist count="1">
        <childid>3</childid>
      </childlist>
      <isasymmetric>false</isasymmetric>
    </blockref>
    <blockref>
      <blockid>0x40626000, 0xd05c53a3</blockid>
      <transform>
        <scale>0.440812</scale>
        <position>0,0.349570,0.888897</position>
        <triangledirection>0,-0.945992,-0.324189</triangledirection>
        <trianglepickorigin>0,0,0</trianglepickorigin>
        <orientation>
          <row0>1.000000,0,0</row0>
          <row1>0,-0.945992,-0.324189</row1>
          <row2>0,0.324189,-0.945992</row2>
        </orientation>
      </transform>
      <snapped>false</snapped>
      <childlist count="2">
        <childid>45</childid>
        <childid>4</childid>
      </childlist>
      <isasymmetric>false</isasymmetric>
    </blockref>
    <blockref>
      <blockid>0x40626000, 0xd05c53a3</blockid>
      <transform>
        <scale>0.494565</scale>
        <position>0,0.244538,0.869770</position>
        <triangledirection>0,-0.999546,-0.0301029</triangledirection>
        <trianglepickorigin>0,0,0</trianglepickorigin>
        <orientation>
          <row0>1.000000,0,0</row0>
          <row1>0,-0.999546,-0.0301029</row1>
          <row2>0,0.0301029,-0.999546</row2>
        </orientation>
      </transform>
      <snapped>false</snapped>
      <childlist count="3">
        <childid>52</childid>
        <childid>49</childid>
        <childid>5</childid>
      </childlist>
      <isasymmetric>false</isasymmetric>
    </blockref>
    <blockref>
      <blockid>0x40626000, 0xd05c53a3</blockid>
      <transform>
        <scale>0.516584</scale>
        <position>0,0.138853,0.883116</position>
        <triangledirection>0,-0.960685,0.277637</triangledirection>
        <trianglepickorigin>0,0,0</trianglepickorigin>
        <orientation>
          <row0>1,0,0</row0>
          <row1>0,-0.960685,0.277637</row1>
          <row2>0,-0.277637,-0.960685</row2>
        </orientation>
      </transform>
      <snapped>false</snapped>
      <childlist count="1">
        <childid>6</childid>
      </childlist>
      <isasymmetric>false</isasymmetric>
    </blockref>
    <blockref>
      <blockid>0x40626000, 0xd05c53a3</blockid>
      <transform>
        <scale>0.455943</scale>
        <position>0,0.0388074,0.924512</position>
        <triangledirection>0,-0.875993,0.482323</triangledirection>
        <trianglepickorigin>0,0,0</trianglepickorigin>
        <orientation>
          <row0>1,0,0</row0>
          <row1>0,-0.875993,0.482323</row1>
          <row2>0,-0.482323,-0.875993</row2>
        </orientation>
      </transform>
      <snapped>false</snapped>
      <childlist count="3">
        <childid>34</childid>
        <childid>32</childid>
        <childid>7</childid>
      </childlist>
      <isasymmetric>false</isasymmetric>
    </blockref>
    <blockref>
      <blockid>0x40626000, 0xd05c53a3</blockid>
      <transform>
        <scale>0.507602</scale>
        <position>0,-0.0657761,0.968821</position>
        <triangledirection>0,-0.955873,0.293777</triangledirection>
        <trianglepickorigin>0,0,0</trianglepickorigin>
        <orientation>
          <row0>1,0,0</row0>
          <row1>0,-0.955873,0.293777</row1>
          <row2>0,-0.293777,-0.955873</row2>
        </orientation>
      </transform>
      <snapped>false</snapped>
      <childlist count="1">
        <childid>8</childid>
      </childlist>
      <isasymmetric>false</isasymmetric>
    </blockref>
    <blockref>
      <blockid>0x40626000, 0xd05c53a3</blockid>
      <transform>
        <scale>0.483666</scale>
        <position>0,-0.172400,1.001830</position>
        <triangledirection>0,-0.954660,0.297696</triangledirection>
        <trianglepickorigin>0,0,0</trianglepickorigin>
        <orientation>
          <row0>1.000000,0,0</row0>
          <row1>0,-0.954660,0.297696</row1>
          <row2>0,-0.297696,-0.954660</row2>
        </orientation>
      </transform>
      <snapped>false</snapped>
      <childlist count="1">
        <childid>9</childid>
      </childlist>
      <isasymmetric>false</isasymmetric>
    </blockref>
    <blockref>
      <blockid>0x40626000, 0xd05c53a3</blockid>
      <transform>
        <scale>0.310299</scale>
        <position>0,-0.286242,1.012159</position>
        <triangledirection>0,-0.992652,-0.121002</triangledirection>
        <trianglepickorigin>0,0,0</trianglepickorigin>
        <orientation>
          <row0>1.000000,0,0</row0>
          <row1>0,-0.992652,-0.121002</row1>
          <row2>0,0.121002,-0.992652</row2>
        </orientation>
      </transform>
      <snapped>false</snapped>
      <childlist count="1">
        <childid>10</childid>
      </childlist>
      <isasymmetric>false</isasymmetric>
    </blockref>
    <blockref>
      <blockid>0x40626000, 0xd05c53a3</blockid>
      <transform>
        <scale>0.280000</scale>
        <position>0,-0.384440,0.957099</position>
        <triangledirection>0,-0.621013,-0.783799</triangledirection>
        <trianglepickorigin>0,0,0</trianglepickorigin>
        <orientation>
          <row0>1.000000,0,0</row0>
          <row1>0,-0.621013,-0.783799</row1>
          <row2>0,0.783799,-0.621013</row2>
        </orientation>
      </transform>
      <snapped>false</snapped>
      <childlist count="3">
        <childid>21</childid>
        <childid>20</childid>
        <childid>11</childid>
      </childlist>
      <isasymmetric>false</isasymmetric>
    </blockref>
    <blockref>
      <blockid>0x40626000, 0xd05c53a3</blockid>
      <transform>
        <scale>0.280000</scale>
        <position>0,-0.415034,0.848856</position>
        <triangledirection>0,0.118846,-0.992912</triangledirection>
        <trianglepickorigin>0,0,0</trianglepickorigin>
        <orientation>
          <row0>1.000000,0,0</row0>
          <row1>0,0.118846,-0.992912</row1>
          <row2>0,0.992912,0.118846</row2>
        </orientation>
      </transform>
      <snapped>false</snapped>
      <childlist count="1">
        <childid>12</childid>
      </childlist>
      <isasymmetric>false</isasymmetric>
    </blockref>
    <blockref>
      <blockid>0x40626000, 0xd05c53a3</blockid>
      <transform>
        <scale>0.280000</scale>
        <position>0,-0.359758,0.750891</position>
        <triangledirection>0,0.788450,-0.615098</triangledirection>
        <trianglepickorigin>0,0,0</trianglepickorigin>
        <orientation>
          <row0>1,0,0</row0>
          <row1>0,0.788450,-0.615098</row1>
          <row2>0,0.615098,0.788450</row2>
        </orientation>
      </transform>
      <snapped>false</snapped>
      <childlist count="1">
        <childid>13</childid>
      </childlist>
      <isasymmetric>false</isasymmetric>
    </blockref>
    <blockref>
      <blockid>0x40626000, 0xd05c53a3</blockid>
      <transform>
        <scale>0.280000</scale>
        <position>0,-0.251291,0.721099</position>
        <triangledirection>0,0.992021,0.126071</triangledirection>
        <trianglepickorigin>0,0,0</trianglepickorigin>
        <orientation>
          <row0>0.999999,0,0</row0>
          <row1>0,0.992021,0.126071</row1>
          <row2>0,-0.126071,0.992021</row2>
        </orientation>
      </transform>
      <snapped>false</snapped>
      <childlist count="2">
        <childid>25</childid>
        <childid>22</childid>
      </childlist>
      <isasymmetric>false</isasymmetric>
    </blockref>
    <blockref>
      <blockid>0x40626000, 0xd05c53a3</blockid>
      <transform>
        <scale>0.387393</scale>
        <position>0,0.498647,1.235995</position>
        <triangledirection>0,0.326082,-0.945341</triangledirection>
        <trianglepickorigin>0,0,0</trianglepickorigin>
        <orientation>
          <row0>1,0,0</row0>
          <row1>0,0.326082,-0.945341</row1>
          <row2>0,0.945341,0.326082</row2>
        </orientation>
      </transform>
      <snapped>false</snapped>
      <childlist count="1">
        <childid>0</childid>
      </childlist>
      <isasymmetric>false</isasymmetric>
    </blockref>
    <blockref>
      <blockid>0x40626000, 0xd05c53a3</blockid>
      <transform>
        <scale>0.327779</scale>
        <position>0,0.460094,1.340186</position>
        <triangledirection>0,0.367797,-0.929906</triangledirection>
        <trianglepickorigin>0,0,0</trianglepickorigin>
        <orientation>
          <row0>1,0,0</row0>
          <row1>0,0.367797,-0.929906</row1>
          <row2>0,0.929906,0.367797</row2>
        </orientation>
      </transform>
      <snapped>false</snapped>
      <childlist count="2">
        <childid>60</childid>
        <childid>14</childid>
      </childlist>
      <isasymmetric>false</isasymmetric>
    </blockref>
    <blockref>
      <blockid>0x40626000, 0xd05c53a3</blockid>
      <transform>
        <scale>0.280000</scale>
        <position>0,0.399425,1.421393</position>
        <triangledirection>0,0.787498,-0.616316</triangledirection>
        <trianglepickorigin>0,0,0</trianglepickorigin>
        <orientation>
          <row0>1,0,0</row0>
          <row1>0,0.787498,-0.616316</row1>
          <row2>0,0.616316,0.787498</row2>
        </orientation>
      </transform>
      <snapped>false</snapped>
      <childlist count="1">
        <childid>15</childid>
      </childlist>
      <isasymmetric>false</isasymmetric>
    </blockref>
    <blockref>
      <blockid>0x40626000, 0xd05c53a3</blockid>
      <transform>
        <scale>0.280000</scale>
        <position>0,0.308041,1.481154</position>
        <triangledirection>0,0.880334,-0.474352</triangledirection>
        <trianglepickorigin>0,0,0</trianglepickorigin>
        <orientation>
          <row0>1,0,0</row0>
          <row1>0,0.880334,-0.474352</row1>
          <row2>0,0.474352,0.880334</row2>
        </orientation>
      </transform>
      <snapped>false</snapped>
      <childlist count="3">
        <childid>62</childid>
        <childid>61</childid>
        <childid>16</childid>
      </childlist>
      <isasymmetric>false</isasymmetric>
    </blockref>
    <blockref>
      <blockid>0x40626000, 0xd05c53a3</blockid>
      <transform>
        <scale>0.280000</scale>
        <position>0,0.207575,1.520593</position>
        <triangledirection>0,0.967935,-0.251199</triangledirection>
        <trianglepickorigin>0,0,0</trianglepickorigin>
        <orientation>
          <row0>1,0,0</row0>
          <row1>0,0.967935,-0.251199</row1>
          <row2>0,0.251199,0.967935</row2>
        </orientation>
      </transform>
      <snapped>false</snapped>
      <childlist count="1">
        <childid>17</childid>
      </childlist>
      <isasymmetric>false</isasymmetric>
    </blockref>
    <blockref>
      <blockid>0x40626000, 0xd05c53a3</blockid>
      <transform>
        <scale>0.280000</scale>
        <position>0,0.0999231,1.539050</position>
        <triangledirection>0,0.996319,-0.0857140</triangledirection>
        <trianglepickorigin>0,0,0</trianglepickorigin>
        <orientation>
          <row0>0.999999,0,0</row0>
          <row1>0,0.996319,-0.0857139</row1>
          <row2>0,0.0857140,0.996319</row2>
        </orientation>
      </transform>
      <snapped>false</snapped>
      <childlist count="5">
        <childid>42</childid>
        <childid>40</childid>
        <childid>39</childid>
        <childid>38</childid>
        <childid>18</childid>
      </childlist>
      <isasymmetric>false</isasymmetric>
    </blockref>
    <blockref>
      <blockid>0x40626000, 0x050d2817</blockid>
      <transform>
        <scale>1</scale>
        <position>0.0592917,-0.429553,0.935115</position>
        <triangledirection>-0.997572,-0.0695817,-0.00279185</triangledirection>
        <trianglepickorigin>0,0,0</trianglepickorigin>
        <orientation>
          <row0>-0.0695820,0.997576,-1.30967e-10</row0>
          <row1>-0.997572,-0.0695817,-0.00279185</row1>
          <row2>-0.00278508,-0.000194262,0.999996</row2>
        </orientation>
      </transform>
      <snapped>false</snapped>
      <childlist count="4">
        <childid>59</childid>
        <childid>58</childid>
        <childid>43</childid>
        <childid>28</childid>
      </childlist>
      <symmetric>21</symmetric>
      <handles count="3">
        <weight channel="0xd02751de">0.5</weight>
        <weight channel="0x2e6521f4">0.312225</weight>
        <weight channel="0x7cc96c02">0.5</weight>
      </handles>
      <isasymmetric>false</isasymmetric>
    </blockref>
    <blockref>
      <blockid>0x40626000, 0x050d2817</blockid>
      <transform>
        <scale>1</scale>
        <position>-0.0592917,-0.429553,0.935115</position>
        <triangledirection>0.997572,-0.0695817,-0.00279185</triangledirection>
        <trianglepickorigin>0,0,0</trianglepickorigin>
        <orientation>
          <row0>-0.0695820,-0.997576,1.30967e-10</row0>
          <row1>0.997572,-0.0695817,-0.00279185</row1>
          <row2>0.00278508,-0.000194262,0.999996</row2>
        </orientation>
      </transform>
      <snapped>false</snapped>
      <childlist count="4">
        <childid>57</childid>
        <childid>44</childid>
        <childid>41</childid>
        <childid>29</childid>
      </childlist>
      <symmetric>20</symmetric>
      <handles count="3">
        <weight channel="0xd02751de">0.5</weight>
        <weight channel="0x2e6521f4">0.312225</weight>
        <weight channel="0x7cc96c02">0.5</weight>
      </handles>
      <isasymmetric>false</isasymmetric>
    </blockref>
    <blockref>
      <blockid>0x40626000, 0x2051ae2d</blockid>
      <transform>
        <limbtype>0</limbtype>
        <musclescale>0.425000</musclescale>
        <basemusclescale>0.5</basemusclescale>
        <scale>1</scale>
        <position>0,-0.222954,0.676679</position>
        <triangledirection>-0.565159,0.461612,0.683746</triangledirection>
        <trianglepickorigin>0,0,0</trianglepickorigin>
        <orientation>
          <row0>-0.824981,-0.316230,-0.468404</row0>
          <row1>-0.565159,0.461612,0.683746</row1>
          <row2>3.10053e-14,0.828801,-0.559542</row2>
        </orientation>
      </transform>
      <snapped>false</snapped>
      <childlist count="1">
        <childid>23</childid>
      </childlist>
      <symmetric>25</symmetric>
      <handles count="1">
        <weight channel="0xf320ba37">0.0463803</weight>
      </handles>
      <isasymmetric>false</isasymmetric>
    </blockref>
    <blockref>
      <blockid>0x40626000, 0x2051ae2d</blockid>
      <transform>
        <limbtype>0</limbtype>
        <musclescale>0.125</musclescale>
        <basemusclescale>0.650000</basemusclescale>
        <scale>1</scale>
        <position>0.0975000,-0.302590,0.558721</position>
        <triangledirection>-0.283702,-0.775842,0.563543</triangledirection>
        <trianglepickorigin>0,0,0</trianglepickorigin>
        <orientation>
          <row0>-0.804896,-0.126760,-0.579718</row0>
          <row1>-0.283702,-0.775842,0.563543</row1>
          <row2>-0.521205,0.618061,0.588510</row2>
        </orientation>
      </transform>
      <snapped>true</snapped>
      <childlist count="1">
        <childid>24</childid>
      </childlist>
      <symmetric>26</symmetric>
      <handles count="1">
        <weight channel="0xf320ba37">0.0416921</weight>
      </handles>
      <isasymmetric>false</isasymmetric>
    </blockref>
    <blockref>
      <blockid>0x40626000, 0x2051ae2d</blockid>
      <transform>
        <limbtype>0</limbtype>
        <musclescale>0.350000</musclescale>
        <basemusclescale>0.950000</basemusclescale>
        <scale>1</scale>
        <position>0.142500,-0.179528,0.469333</position>
        <triangledirection>-0.371781,0.112697,0.921454</triangledirection>
        <trianglepickorigin>0,0,0</trianglepickorigin>
        <orientation>
          <row0>0.922970,-0.0615425,0.379919</row0>
          <row1>-0.371781,0.112697,0.921454</row1>
          <row2>-0.0995245,-0.991721,0.0811357</row2>
        </orientation>
      </transform>
      <snapped>true</snapped>
      <childlist count="1">
        <childid>30</childid>
      </childlist>
      <symmetric>27</symmetric>
      <handles count="1">
        <weight channel="0xf320ba37">0.0894052</weight>
      </handles>
      <isasymmetric>false</isasymmetric>
    </blockref>
    <blockref>
      <blockid>0x40626000, 0x2051ae2d</blockid>
      <transform>
        <limbtype>0</limbtype>
        <musclescale>0.425000</musclescale>
        <basemusclescale>0.550000</basemusclescale>
        <scale>1</scale>
        <position>0,-0.222954,0.676679</position>
        <triangledirection>0.565159,0.461612,0.683746</triangledirection>
        <trianglepickorigin>0,0,0</trianglepickorigin>
        <orientation>
          <row0>-0.824981,0.316230,0.468405</row0>
          <row1>0.565159,0.461612,0.683746</row1>
          <row2>-5.27324e-8,0.828801,-0.559542</row2>
        </orientation>
      </transform>
      <snapped>false</snapped>
      <childlist count="1">
        <childid>26</childid>
      </childlist>
      <symmetric>22</symmetric>
      <handles count="1">
        <weight channel="0xf320ba37">0.0463803</weight>
      </handles>
      <isasymmetric>false</isasymmetric>
    </blockref>
    <blockref>
      <blockid>0x40626000, 0x2051ae2d</blockid>
      <transform>
        <limbtype>0</limbtype>
        <musclescale>0.125</musclescale>
        <basemusclescale>0.650000</basemusclescale>
        <scale>1</scale>
        <position>-0.0975000,-0.302590,0.558721</position>
        <triangledirection>0.283702,-0.775842,0.563543</triangledirection>
        <trianglepickorigin>0,0,0</trianglepickorigin>
        <orientation>
          <row0>-0.804896,0.126760,0.579718</row0>
          <row1>0.283702,-0.775842,0.563543</row1>
          <row2>0.521205,0.618061,0.588510</row2>
        </orientation>
      </transform>
      <snapped>true</snapped>
      <childlist count="1">
        <childid>27</childid>
      </childlist>
      <symmetric>23</symmetric>
      <handles count="1">
        <weight channel="0xf320ba37">0.0416921</weight>
      </handles>
      <isasymmetric>false</isasymmetric>
    </blockref>
    <blockref>
      <blockid>0x40626000, 0x2051ae2d</blockid>
      <transform>
        <limbtype>0</limbtype>
        <musclescale>0.350000</musclescale>
        <basemusclescale>0.950000</basemusclescale>
        <scale>1</scale>
        <position>-0.142500,-0.179528,0.469333</position>
        <triangledirection>0.371781,0.112697,0.921454</triangledirection>
        <trianglepickorigin>0,0,0</trianglepickorigin>
        <orientation>
          <row0>0.922970,0.0615425,-0.379919</row0>
          <row1>0.371781,0.112697,0.921454</row1>
          <row2>0.0995245,-0.991721,0.0811357</row2>
        </orientation>
      </transform>
      <snapped>true</snapped>
      <childlist count="1">
        <childid>31</childid>
      </childlist>
      <symmetric>24</symmetric>
      <handles count="1">
        <weight channel="0xf320ba37">0.0894052</weight>
      </handles>
      <isasymmetric>false</isasymmetric>
    </blockref>
    <blockref>
      <blockid>0x40626000, 0x6676e393</blockid>
      <transform>
        <scale>1.077884</scale>
        <position>0.0681726,-0.560348,1.029949</position>
        <triangledirection>0.159378,0.955422,-0.248527</triangledirection>
        <trianglepickorigin>0,0,0</trianglepickorigin>
        <orientation>
          <row0>0.955178,0.296030,-7.45058e-9</row0>
          <row1>-0.265211,0.855736,-0.444272</row1>
          <row2>-0.131518,0.424359,0.895891</row2>
        </orientation>
        <userorientation>
          <userorientation_row0>0.897566,-0.440880,7.45058e-9</userorientation_row0>
          <userorientation_row1>0.435069,0.885735,0.161828</userorientation_row1>
          <userorientation_row2>-0.0713468,-0.145251,0.986819</userorientation_row2>
        </userorientation>
      </transform>
      <snapped>false</snapped>
      <symmetric>29</symmetric>
      <isasymmetric>false</isasymmetric>
    </blockref>
    <blockref>
      <blockid>0x40626000, 0xe2873975</blockid>
      <transform>
        <scale>1.077884</scale>
        <position>-0.0681726,-0.560348,1.029949</position>
        <triangledirection>-0.159378,0.955422,-0.248527</triangledirection>
        <trianglepickorigin>0,0,0</trianglepickorigin>
        <orientation>
          <row0>0.955178,-0.296030,-7.45058e-9</row0>
          <row1>0.265211,0.855736,-0.444272</row1>
          <row2>0.131518,0.424359,0.895891</row2>
        </orientation>
        <userorientation>
          <userorientation_row0>0.897566,0.440880,0</userorientation_row0>
          <userorientation_row1>-0.435069,0.885735,0.161828</userorientation_row1>
          <userorientation_row2>0.0713468,-0.145251,0.986819</userorientation_row2>
        </userorientation>
      </transform>
      <snapped>false</snapped>
      <symmetric>28</symmetric>
      <isasymmetric>false</isasymmetric>
    </blockref>
    <blockref>
      <blockid>0x40626000, 0xc5d43f65</blockid>
      <transform>
        <basemusclescale>1.214872</basemusclescale>
        <scale>0.860707</scale>
        <position>0.254066,-0.213347,0.192817</position>
        <triangledirection>0,1,0</triangledirection>
        <trianglepickorigin>0,0,0</trianglepickorigin>
        <orientation>
          <row0>1,0,0</row0>
          <row1>0,1,0</row1>
          <row2>0,0,1</row2>
        </orientation>
      </transform>
      <snapped>true</snapped>
      <symmetric>31</symmetric>
      <handles count="2">
        <weight channel="0x2e6521f4">1</weight>
        <weight channel="0xd02751de">0</weight>
      </handles>
      <isasymmetric>false</isasymmetric>
    </blockref>
    <blockref>
      <blockid>0x40626000, 0x881d7dd3</blockid>
      <transform>
        <basemusclescale>1.214872</basemusclescale>
        <scale>0.860707</scale>
        <position>-0.254066,-0.213347,0.192817</position>
        <triangledirection>0,1,0</triangledirection>
        <trianglepickorigin>0,0,0</trianglepickorigin>
        <orientation>
          <row0>1,0,0</row0>
          <row1>0,1,0</row1>
          <row2>0,0,1</row2>
        </orientation>
      </transform>
      <snapped>true</snapped>
      <symmetric>30</symmetric>
      <handles count="2">
        <weight channel="0x2e6521f4">1</weight>
        <weight channel="0xd02751de">0</weight>
      </handles>
      <isasymmetric>false</isasymmetric>
    </blockref>
    <blockref>
      <blockid>0x40626000, 0xdec3c22a</blockid>
      <transform>
        <limbtype>0</limbtype>
        <musclescale>0.150000</musclescale>
        <basemusclescale>1.549998</basemusclescale>
        <scale>1</scale>
        <position>0.106753,-0.0171371,1.015050</position>
        <triangledirection>-0.818693,-0.288838,0.496299</triangledirection>
        <trianglepickorigin>0,0,0</trianglepickorigin>
        <orientation>
          <row0>0.559090,-0.598103,0.574186</row0>
          <row1>-0.818693,-0.288838,0.496299</row1>
          <row2>-0.130990,-0.747559,-0.651150</row2>
        </orientation>
      </transform>
      <snapped>false</snapped>
      <childlist count="1">
        <childid>33</childid>
      </childlist>
      <symmetric>34</symmetric>
      <handles count="1">
        <weight channel="0xf320ba37">0.108867</weight>
      </handles>
      <isasymmetric>false</isasymmetric>
    </blockref>
    <blockref>
      <blockid>0x40626000, 0x33fccc91</blockid>
      <transform>
        <limbtype>0</limbtype>
        <musclescale>0.125</musclescale>
        <basemusclescale>0.850000</basemusclescale>
        <scale>1</scale>
        <position>0.396028,0.0849201,0.839689</position>
        <triangledirection>0.0601421,0.719968,0.691396</triangledirection>
        <trianglepickorigin>0,0,0</trianglepickorigin>
        <orientation>
          <row0>0.559090,-0.598103,0.574186</row0>
          <row1>0.0601421,0.719968,0.691396</row1>
          <row2>-0.826922,-0.352020,0.438498</row2>
        </orientation>
      </transform>
      <snapped>true</snapped>
      <childlist count="1">
        <childid>36</childid>
      </childlist>
      <symmetric>35</symmetric>
      <handles count="1">
        <weight channel="0xf320ba37">0.0946941</weight>
      </handles>
      <isasymmetric>false</isasymmetric>
    </blockref>
    <blockref>
      <blockid>0x40626000, 0xdec3c22a</blockid>
      <transform>
        <limbtype>0</limbtype>
        <musclescale>0.150000</musclescale>
        <basemusclescale>1.549998</basemusclescale>
        <scale>1</scale>
        <position>-0.106753,-0.0171371,1.015050</position>
        <triangledirection>0.818693,-0.288838,0.496299</triangledirection>
        <trianglepickorigin>0,0,0</trianglepickorigin>
        <orientation>
          <row0>0.559090,0.598103,-0.574186</row0>
          <row1>0.818693,-0.288838,0.496299</row1>
          <row2>0.130990,-0.747559,-0.651150</row2>
        </orientation>
      </transform>
      <snapped>false</snapped>
      <childlist count="1">
        <childid>35</childid>
      </childlist>
      <symmetric>32</symmetric>
      <handles count="1">
        <weight channel="0xf320ba37">0.108867</weight>
      </handles>
      <isasymmetric>false</isasymmetric>
    </blockref>
    <blockref>
      <blockid>0x40626000, 0x33fccc91</blockid>
      <transform>
        <limbtype>0</limbtype>
        <musclescale>0.125</musclescale>
        <basemusclescale>0.850000</basemusclescale>
        <scale>1</scale>
        <position>-0.396028,0.0849201,0.839689</position>
        <triangledirection>-0.0601421,0.719968,0.691396</triangledirection>
        <trianglepickorigin>0,0,0</trianglepickorigin>
        <orientation>
          <row0>0.559090,0.598103,-0.574186</row0>
          <row1>-0.0601421,0.719968,0.691396</row1>
          <row2>0.826922,-0.352020,0.438498</row2>
        </orientation>
      </transform>
      <snapped>true</snapped>
      <childlist count="1">
        <childid>37</childid>
      </childlist>
      <symmetric>33</symmetric>
      <handles count="1">
        <weight channel="0xf320ba37">0.0946941</weight>
      </handles>
      <isasymmetric>false</isasymmetric>
    </blockref>
    <blockref>
      <blockid>0x40626000, 0x00013536</blockid>
      <transform>
        <basemusclescale>0.986037</basemusclescale>
        <scale>1</scale>
        <position>0.377037,-0.142422,0.621368</position>
        <triangledirection>0.222844,0.740326,0.634237</triangledirection>
        <trianglepickorigin>0,0,0</trianglepickorigin>
        <orientation>
          <row0>0.189930,0.671742,-0.716023</row0>
          <row1>0.0601421,0.719968,0.691396</row1>
          <row2>0.979953,-0.174380,0.0963441</row2>
        </orientation>
        <userorientation>
          <userorientation_row0>0.852868,-0.150383,0.499999</userorientation_row0>
          <userorientation_row1>0.0855050,0.984923,0.150383</userorientation_row1>
          <userorientation_row2>-0.515076,-0.0855050,0.852868</userorientation_row2>
        </userorientation>
      </transform>
      <snapped>true</snapped>
      <symmetric>37</symmetric>
      <isasymmetric>false</isasymmetric>
    </blockref>
    <blockref>
      <blockid>0x40626000, 0xd032f458</blockid>
      <transform>
        <basemusclescale>0.986037</basemusclescale>
        <scale>1</scale>
        <position>-0.377037,-0.142422,0.621368</position>
        <triangledirection>-0.222844,0.740326,0.634237</triangledirection>
        <trianglepickorigin>0,0,0</trianglepickorigin>
        <orientation>
          <row0>0.189930,-0.671741,0.716023</row0>
          <row1>-0.0601421,0.719968,0.691396</row1>
          <row2>-0.979953,-0.174380,0.0963441</row2>
        </orientation>
        <userorientation>
          <userorientation_row0>0.852868,0.150383,-0.5</userorientation_row0>
          <userorientation_row1>-0.0855050,0.984923,0.150383</userorientation_row1>
          <userorientation_row2>0.515076,-0.0855050,0.852868</userorientation_row2>
        </userorientation>
      </transform>
      <snapped>true</snapped>
      <symmetric>36</symmetric>
      <isasymmetric>false</isasymmetric>
    </blockref>
    <blockref>
      <blockid>0x40626000, 0x491748a1</blockid>
      <transform>
        <scale>0.637628</scale>
        <position>0,0.0371349,1.506786</position>
        <triangledirection>0,0.978669,-0.205439</triangledirection>
        <trianglepickorigin>0,0,0</trianglepickorigin>
        <orientation>
          <row0>1.000000,0,0</row0>
          <row1>0,0.978669,-0.205439</row1>
          <row2>0,0.205439,0.978669</row2>
        </orientation>
      </transform>
      <snapped>false</snapped>
      <isasymmetric>false</isasymmetric>
    </blockref>
    <blockref>
      <blockid>0x40626000, 0x51bea95b</blockid>
      <transform>
        <scale>2.5</scale>
        <position>0.0524243,0.0864471,1.512931</position>
        <triangledirection>-0.992947,-0.0565913,-0.104174</triangledirection>
        <trianglepickorigin>0,0,0</trianglepickorigin>
        <orientation>
          <row0>-3.42026e-7,1.000000,-1.05534e-7</row0>
          <row1>-0.942443,-3.57627e-7,-0.334365</row1>
          <row2>-0.334365,-1.49011e-8,0.942443</row2>
        </orientation>
        <userorientation>
          <userorientation_row0>0.998304,0.0582045,2.79396e-9</userorientation_row0>
          <userorientation_row1>-0.0565910,0.970629,0.233828</userorientation_row1>
          <userorientation_row2>0.0136098,-0.233432,0.972277</userorientation_row2>
        </userorientation>
      </transform>
      <snapped>false</snapped>
      <symmetric>40</symmetric>
      <handles count="1">
        <weight channel="0x2e6521f4">1</weight>
      </handles>
      <isasymmetric>false</isasymmetric>
    </blockref>
    <blockref>
      <blockid>0x40626000, 0xd4e55d6d</blockid>
      <transform>
        <scale>2.5</scale>
        <position>-0.0524243,0.0864471,1.512931</position>
        <triangledirection>0.992947,-0.0565913,-0.104174</triangledirection>
        <trianglepickorigin>0,0,0</trianglepickorigin>
        <orientation>
          <row0>-3.42026e-7,-1.000000,1.05534e-7</row0>
          <row1>0.942443,-3.57627e-7,-0.334365</row1>
          <row2>0.334365,-1.49011e-8,0.942443</row2>
        </orientation>
        <userorientation>
          <userorientation_row0>0.998304,-0.0582045,-3.72529e-9</userorientation_row0>
          <userorientation_row1>0.0565910,0.970629,0.233828</userorientation_row1>
          <userorientation_row2>-0.0136098,-0.233432,0.972277</userorientation_row2>
        </userorientation>
      </transform>
      <snapped>false</snapped>
      <symmetric>39</symmetric>
      <handles count="1">
        <weight channel="0x2e6521f4">1</weight>
      </handles>
      <isasymmetric>false</isasymmetric>
    </blockref>
    <blockref>
      <blockid>0x40626000, 0x2275f76b</blockid>
      <transform>
        <scale>1</scale>
        <position>0,-0.398188,1.099371</position>
        <triangledirection>0,0.0117866,-0.999930</triangledirection>
        <trianglepickorigin>0,0,0</trianglepickorigin>
        <orientation>
          <row0>1,0,0</row0>
          <row1>0,0.0117866,-0.999930</row1>
          <row2>0,0.999930,0.0117866</row2>
        </orientation>
      </transform>
      <snapped>false</snapped>
      <handles count="2">
        <weight channel="0x2e6521f4">0</weight>
        <weight channel="0xd02751de">0.0975994</weight>
      </handles>
      <isasymmetric>false</isasymmetric>
    </blockref>
    <blockref>
      <blockid>0x40626000, 0x04871f27</blockid>
      <transform>
        <scale>1</scale>
        <position>0,0.0406255,1.504289</position>
        <triangledirection>0,0.984566,-0.175010</triangledirection>
        <trianglepickorigin>0,0,0</trianglepickorigin>
        <orientation>
          <row0>0.999999,0,0</row0>
          <row1>0,0.984566,-0.175010</row1>
          <row2>0,0.175010,0.984566</row2>
        </orientation>
      </transform>
      <snapped>false</snapped>
      <handles count="3">
        <weight channel="0x2e6521f4">0.440295</weight>
        <weight channel="0x7cc96c02">0.505558</weight>
        <weight channel="0xd02751de">0.0279289</weight>
      </handles>
      <isasymmetric>false</isasymmetric>
    </blockref>
    <blockref>
      <blockid>0x40626000, 0x4e1ccafd</blockid>
      <transform>
        <scale>1</scale>
        <position>0.137422,-0.358184,1.085009</position>
        <triangledirection>-0.185343,8.69929e-5,-0.982673</triangledirection>
        <trianglepickorigin>0,0,0</trianglepickorigin>
        <orientation>
          <row0>-0.977488,0.210989,1.49011e-8</row0>
          <row1>-0.0993069,-0.460077,-0.882307</row1>
          <row2>-0.186157,-0.862445,0.470672</row2>
        </orientation>
        <userorientation>
          <userorientation_row0>0.570086,0.260137,0.779313</userorientation_row0>
          <userorientation_row1>0.181189,0.885386,-0.428089</userorientation_row1>
          <userorientation_row2>-0.801355,0.385251,0.457612</userorientation_row2>
        </userorientation>
      </transform>
      <snapped>false</snapped>
      <symmetric>44</symmetric>
      <handles count="2">
        <weight channel="0x2e6521f4">0</weight>
        <weight channel="0xd02751de">0.409002</weight>
      </handles>
      <isasymmetric>false</isasymmetric>
    </blockref>
    <blockref>
      <blockid>0x40626000, 0xfd82295b</blockid>
      <transform>
        <scale>1</scale>
        <position>-0.137422,-0.358184,1.085009</position>
        <triangledirection>0.185343,8.70227e-5,-0.982673</triangledirection>
        <trianglepickorigin>0,0,0</trianglepickorigin>
        <orientation>
          <row0>-0.977488,-0.210989,-7.45058e-9</row0>
          <row1>0.0993069,-0.460077,-0.882307</row1>
          <row2>0.186157,-0.862445,0.470672</row2>
        </orientation>
        <userorientation>
          <userorientation_row0>0.570086,-0.260137,-0.779313</userorientation_row0>
          <userorientation_row1>-0.181189,0.885386,-0.428089</userorientation_row1>
          <userorientation_row2>0.801355,0.385252,0.457612</userorientation_row2>
        </userorientation>
      </transform>
      <snapped>false</snapped>
      <symmetric>43</symmetric>
      <handles count="2">
        <weight channel="0x2e6521f4">0</weight>
        <weight channel="0xd02751de">0.409002</weight>
      </handles>
      <isasymmetric>false</isasymmetric>
    </blockref>
    <blockref>
      <blockid>0x40626000, 0xd621ad4b</blockid>
      <transform>
        <limbtype>1</limbtype>
        <musclescale>1</musclescale>
        <basemusclescale>0.900000</basemusclescale>
        <scale>1</scale>
        <position>0.0158676,0.291531,0.849899</position>
        <triangledirection>0.101442,0.251149,0.962618</triangledirection>
        <trianglepickorigin>0,0,0</trianglepickorigin>
        <orientation>
          <row0>-0.982196,0.179069,0.0567859</row0>
          <row1>0.101442,0.251149,0.962618</row1>
          <row2>0.158113,0.951240,-0.264843</row2>
        </orientation>
      </transform>
      <snapped>false</snapped>
      <childlist count="1">
        <childid>46</childid>
      </childlist>
      <handles count="1">
        <weight channel="0xf320ba37">0.0758093</weight>
      </handles>
      <isasymmetric>true</isasymmetric>
    </blockref>
    <blockref>
      <blockid>0x40626000, 0x2051ae2d</blockid>
      <transform>
        <limbtype>1</limbtype>
        <musclescale>0.350000</musclescale>
        <basemusclescale>0.600000</basemusclescale>
        <scale>1</scale>
        <position>-0.0104845,0.226289,0.599835</position>
        <triangledirection>-0.0130218,-0.366452,0.930345</triangledirection>
        <trianglepickorigin>0,0,0</trianglepickorigin>
        <orientation>
          <row0>-0.982196,0.179069,0.0567859</row0>
          <row1>-0.0130218,-0.366452,0.930345</row1>
          <row2>0.187405,0.913042,0.362260</row2>
        </orientation>
      </transform>
      <snapped>true</snapped>
      <childlist count="1">
        <childid>47</childid>
      </childlist>
      <handles count="1">
        <weight channel="0xf320ba37">0.0669984</weight>
      </handles>
      <isasymmetric>true</isasymmetric>
    </blockref>
    <blockref>
      <blockid>0x40626000, 0x2051ae2d</blockid>
      <transform>
        <limbtype>1</limbtype>
        <musclescale>0.350000</musclescale>
        <basemusclescale>1</basemusclescale>
        <scale>1</scale>
        <position>-0.00744199,0.311910,0.382460</position>
        <triangledirection>-0.224150,-0.0516061,0.973187</triangledirection>
        <trianglepickorigin>0,0,0</trianglepickorigin>
        <orientation>
          <row0>0.842613,0.491470,0.220137</row0>
          <row1>-0.224150,-0.0516061,0.973187</row1>
          <row2>0.489653,-0.869364,0.0666792</row2>
        </orientation>
      </transform>
      <snapped>true</snapped>
      <childlist count="1">
        <childid>48</childid>
      </childlist>
      <handles count="1">
        <weight channel="0xf320ba37">0.0759885</weight>
      </handles>
      <isasymmetric>true</isasymmetric>
    </blockref>
    <blockref>
      <blockid>0x40626000, 0x540e5be1</blockid>
      <transform>
        <basemusclescale>0.800000</basemusclescale>
        <scale>1</scale>
        <position>0.0509057,0.325344,0.129133</position>
        <triangledirection>0,1,0</triangledirection>
        <trianglepickorigin>0,0,0</trianglepickorigin>
        <orientation>
          <row0>1,0,0</row0>
          <row1>0,1,0</row1>
          <row2>0,0,1</row2>
        </orientation>
      </transform>
      <snapped>true</snapped>
      <handles count="2">
