<?xml version="1.0" encoding="UTF-8"?><sporemodel>
  <formatversion>18</formatversion>
  <properties>
    <modeltype>0x9ea3031a</modeltype>
    <skineffect1>0x95540809</skineffect1>
    <skineffect2>0x52811f23</skineffect2>
    <skineffect3>0x0628c255</skineffect3>
    <skineffectseed1>1234</skineffectseed1>
    <skineffectseed2>1234</skineffectseed2>
    <skineffectseed3>1234</skineffectseed3>
    <skincolor1>0.458823,0.694117,0.913725</skincolor1>
    <skincolor2>0.321568,0.666666,1</skincolor2>
    <skincolor3>0.949019,0.905882,0.427451</skincolor3>
    <zcorpscore>0</zcorpscore>
  </properties>
  <blocks count="45">
    <blockref>
      <blockid>0x40626000, 0xd05c53a3</blockid>
      <transform>
        <scale>1.001539</scale>
        <position>0,-0.0756020,1.379738</position>
        <triangledirection>0,0.550059,-0.835125</triangledirection>
        <trianglepickorigin>0,0,0</trianglepickorigin>
        <orientation>
          <row0>1,0,0</row0>
          <row1>0,0.550059,-0.835125</row1>
          <row2>0,0.835125,0.550059</row2>
        </orientation>
      </transform>
      <snapped>false</snapped>
      <childlist count="1">
        <childid>1</childid>
      </childlist>
      <isasymmetric>false</isasymmetric>
    </blockref>
    <blockref>
      <blockid>0x40626000, 0xd05c53a3</blockid>
      <transform>
        <scale>1.031009</scale>
        <position>0,-0.0230091,1.283883</position>
        <triangledirection>0,0.408830,-0.912610</triangledirection>
        <trianglepickorigin>0,0,0</trianglepickorigin>
        <orientation>
          <row0>1,0,0</row0>
          <row1>0,0.408830,-0.912610</row1>
          <row2>0,0.912610,0.408830</row2>
        </orientation>
      </transform>
      <snapped>false</snapped>
      <childlist count="3">
        <childid>41</childid>
        <childid>40</childid>
        <childid>2</childid>
      </childlist>
      <isasymmetric>false</isasymmetric>
    </blockref>
    <blockref>
      <blockid>0x40626000, 0xd05c53a3</blockid>
      <transform>
        <scale>1.093464</scale>
        <position>0,0.0324001,1.184939</position>
        <triangledirection>0,0.564491,-0.825438</triangledirection>
        <trianglepickorigin>0,0,0</trianglepickorigin>
        <orientation>
          <row0>1,0,0</row0>
          <row1>0,0.564491,-0.825438</row1>
          <row2>0,0.825438,0.564491</row2>
        </orientation>
      </transform>
      <snapped>false</snapped>
      <childlist count="1">
        <childid>3</childid>
      </childlist>
      <isasymmetric>false</isasymmetric>
    </blockref>
    <blockref>
      <blockid>0x40626000, 0xd05c53a3</blockid>
      <transform>
        <scale>1.038356</scale>
        <position>0,0.0948037,1.092514</position>
        <triangledirection>0,0.554640,-0.832090</triangledirection>
        <trianglepickorigin>0,0,0</trianglepickorigin>
        <orientation>
          <row0>0.999999,0,0</row0>
          <row1>0,0.554640,-0.832090</row1>
          <row2>0,0.832090,0.554640</row2>
        </orientation>
      </transform>
      <snapped>false</snapped>
      <childlist count="1">
        <childid>4</childid>
      </childlist>
      <isasymmetric>false</isasymmetric>
    </blockref>
    <blockref>
      <blockid>0x40626000, 0xd05c53a3</blockid>
      <transform>
        <scale>0.965817</scale>
        <position>0,0.148837,0.997153</position>
        <triangledirection>0,0.428736,-0.903429</triangledirection>
        <trianglepickorigin>0,0,0</trianglepickorigin>
        <orientation>
          <row0>1,0,0</row0>
          <row1>0,0.428736,-0.903429</row1>
          <row2>0,0.903429,0.428736</row2>
        </orientation>
      </transform>
      <snapped>false</snapped>
      <childlist count="1">
        <childid>5</childid>
      </childlist>
      <isasymmetric>false</isasymmetric>
    </blockref>
    <blockref>
      <blockid>0x40626000, 0xd05c53a3</blockid>
      <transform>
        <scale>0.825079</scale>
        <position>0,0.187698,0.894929</position>
        <triangledirection>0,0.279699,-0.960087</triangledirection>
        <trianglepickorigin>0,0,0</trianglepickorigin>
        <orientation>
          <row0>1,0,0</row0>
          <row1>0,0.279699,-0.960087</row1>
          <row2>0,0.960087,0.279699</row2>
        </orientation>
      </transform>
      <snapped>false</snapped>
      <childlist count="1">
        <childid>6</childid>
      </childlist>
      <isasymmetric>false</isasymmetric>
    </blockref>
    <blockref>
      <blockid>0x40626000, 0xd05c53a3</blockid>
      <transform>
        <scale>0.706754</scale>
        <position>0,0.239820,0.793233</position>
        <triangledirection>0,0.616078,-0.787685</triangledirection>
        <trianglepickorigin>0,0,0</trianglepickorigin>
        <orientation>
          <row0>1,0,0</row0>
          <row1>0,0.616078,-0.787685</row1>
          <row2>0,0.787685,0.616078</row2>
        </orientation>
      </transform>
      <snapped>false</snapped>
      <childlist count="3">
        <childid>34</childid>
        <childid>31</childid>
        <childid>7</childid>
      </childlist>
      <isasymmetric>false</isasymmetric>
    </blockref>
    <blockref>
      <blockid>0x40626000, 0xd05c53a3</blockid>
      <transform>
        <scale>0.599896</scale>
        <position>0,0.319407,0.712040</position>
        <triangledirection>0,0.775220,-0.631690</triangledirection>
        <trianglepickorigin>0,0,0</trianglepickorigin>
        <orientation>
          <row0>1,0,0</row0>
          <row1>0,0.775220,-0.631690</row1>
          <row2>0,0.631690,0.775220</row2>
        </orientation>
      </transform>
      <snapped>false</snapped>
      <childlist count="1">
        <childid>8</childid>
      </childlist>
      <isasymmetric>false</isasymmetric>
    </blockref>
    <blockref>
      <blockid>0x40626000, 0xd05c53a3</blockid>
      <transform>
        <scale>0.451700</scale>
        <position>0,0.421734,0.661092</position>
        <triangledirection>0,0.971292,-0.237889</triangledirection>
        <trianglepickorigin>0,0,0</trianglepickorigin>
        <orientation>
          <row0>1,0,0</row0>
          <row1>0,0.971292,-0.237889</row1>
          <row2>0,0.237889,0.971292</row2>
        </orientation>
      </transform>
      <snapped>false</snapped>
      <childlist count="1">
        <childid>9</childid>
      </childlist>
      <isasymmetric>false</isasymmetric>
    </blockref>
    <blockref>
      <blockid>0x40626000, 0xd05c53a3</blockid>
      <transform>
        <scale>0.347364</scale>
        <position>0,0.535964,0.656997</position>
        <triangledirection>0,0.985830,0.167741</triangledirection>
        <trianglepickorigin>0,0,0</trianglepickorigin>
        <orientation>
          <row0>1,0,0</row0>
          <row1>0,0.985830,0.167741</row1>
          <row2>0,-0.167741,0.985830</row2>
        </orientation>
      </transform>
      <snapped>false</snapped>
      <childlist count="1">
        <childid>10</childid>
      </childlist>
      <isasymmetric>false</isasymmetric>
    </blockref>
    <blockref>
      <blockid>0x40626000, 0xd05c53a3</blockid>
      <transform>
        <scale>0.313506</scale>
        <position>0,0.645168,0.688755</position>
        <triangledirection>0,0.922032,0.387112</triangledirection>
        <trianglepickorigin>0,0,0</trianglepickorigin>
        <orientation>
          <row0>1,0,0</row0>
          <row1>0,0.922032,0.387112</row1>
          <row2>0,-0.387112,0.922032</row2>
        </orientation>
      </transform>
      <snapped>false</snapped>
      <childlist count="3">
        <childid>43</childid>
        <childid>42</childid>
        <childid>11</childid>
      </childlist>
      <isasymmetric>false</isasymmetric>
    </blockref>
    <blockref>
      <blockid>0x40626000, 0xd05c53a3</blockid>
      <transform>
        <scale>0.280000</scale>
        <position>0,0.728568,0.765495</position>
        <triangledirection>0,0.462335,0.886704</triangledirection>
        <trianglepickorigin>0,0,0</trianglepickorigin>
        <orientation>
          <row0>1,0,0</row0>
          <row1>0,0.462335,0.886704</row1>
          <row2>0,-0.886704,0.462335</row2>
        </orientation>
      </transform>
      <snapped>false</snapped>
      <childlist count="1">
        <childid>37</childid>
      </childlist>
      <isasymmetric>false</isasymmetric>
    </blockref>
    <blockref>
      <blockid>0x40626000, 0xd05c53a3</blockid>
      <transform>
        <scale>0.920679</scale>
        <position>0,-0.144575,1.463379</position>
        <triangledirection>0,0.715081,-0.699041</triangledirection>
        <trianglepickorigin>0,0,0</trianglepickorigin>
        <orientation>
          <row0>1,0,0</row0>
          <row1>0,0.715081,-0.699041</row1>
          <row2>0,0.699041,0.715081</row2>
        </orientation>
      </transform>
      <snapped>false</snapped>
      <childlist count="1">
        <childid>0</childid>
      </childlist>
      <isasymmetric>false</isasymmetric>
    </blockref>
    <blockref>
      <blockid>0x40626000, 0xd05c53a3</blockid>
      <transform>
        <scale>0.826897</scale>
        <position>0,-0.229922,1.529976</position>
        <triangledirection>0,0.851911,-0.523685</triangledirection>
        <trianglepickorigin>0,0,0</trianglepickorigin>
        <orientation>
          <row0>1,0,0</row0>
          <row1>0,0.851911,-0.523685</row1>
          <row2>0,0.523685,0.851911</row2>
        </orientation>
      </transform>
      <snapped>false</snapped>
      <childlist count="1">
        <childid>12</childid>
      </childlist>
      <isasymmetric>false</isasymmetric>
    </blockref>
    <blockref>
      <blockid>0x40626000, 0xd05c53a3</blockid>
      <transform>
        <scale>0.742768</scale>
        <position>0,-0.325301,1.587727</position>
        <triangledirection>0,0.858877,-0.512181</triangledirection>
        <trianglepickorigin>0,0,0</trianglepickorigin>
        <orientation>
          <row0>1,0,0</row0>
          <row1>0,0.858877,-0.512181</row1>
          <row2>0,0.512181,0.858877</row2>
        </orientation>
      </transform>
      <snapped>false</snapped>
      <childlist count="3">
        <childid>26</childid>
        <childid>23</childid>
        <childid>13</childid>
      </childlist>
      <isasymmetric>false</isasymmetric>
    </blockref>
    <blockref>
      <blockid>0x40626000, 0xd05c53a3</blockid>
      <transform>
        <scale>0.663959</scale>
        <position>0,-0.422204,1.641593</position>
        <triangledirection>0,0.888417,-0.459035</triangledirection>
        <trianglepickorigin>0,0,0</trianglepickorigin>
        <orientation>
          <row0>1,0,0</row0>
          <row1>0,0.888417,-0.459035</row1>
          <row2>0,0.459035,0.888417</row2>
        </orientation>
      </transform>
      <snapped>false</snapped>
      <childlist count="1">
        <childid>14</childid>
      </childlist>
      <isasymmetric>false</isasymmetric>
    </blockref>
    <blockref>
      <blockid>0x40626000, 0xd05c53a3</blockid>
      <transform>
        <scale>0.597563</scale>
        <position>0,-0.523098,1.672684</position>
        <triangledirection>0,0.992693,-0.120660</triangledirection>
        <trianglepickorigin>0,0,0</trianglepickorigin>
        <orientation>
          <row0>1,0,0</row0>
          <row1>0,0.992693,-0.120660</row1>
          <row2>0,0.120660,0.992693</row2>
        </orientation>
      </transform>
      <snapped>false</snapped>
      <childlist count="1">
        <childid>15</childid>
      </childlist>
      <isasymmetric>false</isasymmetric>
    </blockref>
    <blockref>
      <blockid>0x40626000, 0xd05c53a3</blockid>
      <transform>
        <scale>0.537807</scale>
        <position>0,-0.634002,1.686749</position>
        <triangledirection>0,0.991386,-0.130968</triangledirection>
        <trianglepickorigin>0,0,0</trianglepickorigin>
        <orientation>
          <row0>0.999999,0,0</row0>
          <row1>0,0.991386,-0.130968</row1>
          <row2>0,0.130968,0.991386</row2>
        </orientation>
      </transform>
      <snapped>false</snapped>
      <childlist count="2">
        <childid>18</childid>
        <childid>16</childid>
      </childlist>
      <isasymmetric>false</isasymmetric>
    </blockref>
    <blockref>
      <blockid>0x40626000, 0x018b1d5e</blockid>
      <transform>
        <scale>1.252323</scale>
        <position>0,-0.762154,1.606619</position>
        <triangledirection>0,0.970811,0.239844</triangledirection>
        <trianglepickorigin>0,0,0</trianglepickorigin>
        <orientation>
          <row0>1.000000,0,0</row0>
          <row1>0,0.999034,-0.0439336</row1>
          <row2>0,0.0439336,0.999034</row2>
        </orientation>
        <userorientation>
          <userorientation_row0>1.000000,0,0</userorientation_row0>
          <userorientation_row1>0,0.959336,0.282264</userorientation_row1>
          <userorientation_row2>0,-0.282264,0.959336</userorientation_row2>
        </userorientation>
      </transform>
      <snapped>false</snapped>
      <childlist count="4">
        <childid>22</childid>
        <childid>21</childid>
        <childid>20</childid>
        <childid>19</childid>
      </childlist>
      <handles count="3">
        <weight channel="0xd02751de">0.526311</weight>
        <weight channel="0x2e6521f4">0.187811</weight>
        <weight channel="0x7cc96c02">0.718619</weight>
      </handles>
      <isasymmetric>false</isasymmetric>
    </blockref>
    <blockref>
      <blockid>0x40626000, 0x521d1a94</blockid>
      <transform>
        <scale>1.077884</scale>
        <position>-0.0836267,-0.826531,1.718129</position>
        <triangledirection>0.649126,0.751551,-0.117494</triangledirection>
        <trianglepickorigin>0,0,0</trianglepickorigin>
        <orientation>
          <row0>0.164884,-0.986312,-0.000159718</row0>
          <row1>0.899609,0.150456,-0.409958</row1>
          <row2>0.404370,0.0674521,0.912104</row2>
        </orientation>
        <userorientation>
          <userorientation_row0>0.768301,0.577633,0.275777</userorientation_row0>
          <userorientation_row1>-0.634215,0.745204,0.206014</userorientation_row1>
          <userorientation_row2>-0.0865094,-0.333183,0.938885</userorientation_row2>
        </userorientation>
      </transform>
      <snapped>false</snapped>
      <symmetric>20</symmetric>
      <isasymmetric>false</isasymmetric>
    </blockref>
    <blockref>
      <blockid>0x40626000, 0xbda70e3a</blockid>
      <transform>
        <scale>1.077884</scale>
        <position>0.0836267,-0.826531,1.718129</position>
        <triangledirection>-0.649126,0.751551,-0.117494</triangledirection>
        <trianglepickorigin>0,0,0</trianglepickorigin>
        <orientation>
          <row0>0.164884,0.986312,0.000159706</row0>
          <row1>-0.899609,0.150456,-0.409958</row1>
          <row2>-0.404370,0.0674521,0.912104</row2>
        </orientation>
        <userorientation>
          <userorientation_row0>0.768301,-0.577633,-0.275777</userorientation_row0>
          <userorientation_row1>0.634215,0.745204,0.206014</userorientation_row1>
          <userorientation_row2>0.0865094,-0.333183,0.938885</userorientation_row2>
        </userorientation>
      </transform>
      <snapped>false</snapped>
      <symmetric>19</symmetric>
      <isasymmetric>false</isasymmetric>
    </blockref>
    <blockref>
      <blockid>0x40626000, 0xb951475e</blockid>
      <transform>
        <scale>0.927743</scale>
        <position>-0.0932696,-0.738146,1.598526</position>
        <triangledirection>0.879861,-0.459574,-0.120977</triangledirection>
        <trianglepickorigin>0,0,0</trianglepickorigin>
        <orientation>
          <row0>4.00177e-11,-1.000000,-0.000162154</row0>
          <row1>0.940768,5.49785e-5,-0.339050</row1>
          <row2>0.339050,-0.000152549,0.940768</row2>
        </orientation>
        <userorientation>
          <userorientation_row0>0.815204,-0.330172,-0.475843</userorientation_row0>
          <userorientation_row1>0.459593,0.868737,0.184576</userorientation_row1>
          <userorientation_row2>0.352441,-0.369162,0.859944</userorientation_row2>
        </userorientation>
      </transform>
      <snapped>false</snapped>
      <symmetric>22</symmetric>
      <handles count="3">
        <weight channel="0x2e6521f4">0.154704</weight>
        <weight channel="0x7cc96c02">0</weight>
        <weight channel="0xd02751de">0.0946469</weight>
      </handles>
      <isasymmetric>false</isasymmetric>
    </blockref>
    <blockref>
      <blockid>0x40626000, 0x4e1ccaf8</blockid>
      <transform>
        <scale>0.927743</scale>
        <position>0.0932696,-0.738146,1.598526</position>
        <triangledirection>-0.879861,-0.459574,-0.120977</triangledirection>
        <trianglepickorigin>0,0,0</trianglepickorigin>
        <orientation>
          <row0>4.00177e-11,1.000000,0.000162154</row0>
          <row1>-0.940768,5.49785e-5,-0.339050</row1>
          <row2>-0.339050,-0.000152549,0.940768</row2>
        </orientation>
        <userorientation>
          <userorientation_row0>0.815204,0.330172,0.475843</userorientation_row0>
          <userorientation_row1>-0.459593,0.868737,0.184576</userorientation_row1>
          <userorientation_row2>-0.352440,-0.369162,0.859944</userorientation_row2>
        </userorientation>
      </transform>
      <snapped>false</snapped>
      <symmetric>21</symmetric>
      <handles count="3">
        <weight channel="0x2e6521f4">0.154704</weight>
        <weight channel="0x7cc96c02">0</weight>
        <weight channel="0xd02751de">0.0946469</weight>
      </handles>
      <isasymmetric>false</isasymmetric>
    </blockref>
    <blockref>
      <blockid>0x40626000, 0x2051ae2d</blockid>
      <transform>
        <limbtype>0</limbtype>
        <musclescale>0.925000</musclescale>
        <basemusclescale>0.699999</basemusclescale>
        <scale>1</scale>
        <position>-0.163378,-0.398944,1.423751</position>
        <triangledirection>0.504761,0.182568,0.843732</triangledirection>
        <trianglepickorigin>0,0,0</trianglepickorigin>
        <orientation>
          <row0>0.440695,0.785930,-0.433705</row0>
          <row1>0.504761,0.182568,0.843732</row1>
          <row2>0.742296,-0.590746,-0.316250</row2>
        </orientation>
      </transform>
      <snapped>false</snapped>
      <childlist count="1">
        <childid>24</childid>
      </childlist>
      <symmetric>26</symmetric>
      <handles count="1">
        <weight channel="0xf320ba37">0.0578520</weight>
      </handles>
      <isasymmetric>false</isasymmetric>
    </blockref>
    <blockref>
      <blockid>0x40626000, 0x2051ae2d</blockid>
      <transform>
        <limbtype>0</limbtype>
        <musclescale>0.125</musclescale>
        <basemusclescale>1.049999</basemusclescale>
        <scale>1</scale>
        <position>-0.267627,-0.436650,1.249493</position>
        <triangledirection>0.164340,0.404347,0.899719</triangledirection>
        <trianglepickorigin>0,0,0</trianglepickorigin>
        <orientation>
          <row0>0.440695,0.785930,-0.433705</row0>
          <row1>0.164340,0.404347,0.899719</row1>
          <row2>0.882485,-0.467777,0.0490337</row2>
        </orientation>
      </transform>
      <snapped>true</snapped>
      <childlist count="1">
        <childid>25</childid>
      </childlist>
      <symmetric>27</symmetric>
      <handles count="1">
        <weight channel="0xf320ba37">0.0521837</weight>
      </handles>
      <isasymmetric>false</isasymmetric>
    </blockref>
    <blockref>
      <blockid>0x40626000, 0x2051ae2d</blockid>
      <transform>
        <limbtype>0</limbtype>
        <musclescale>0.350000</musclescale>
        <basemusclescale>0.850000</basemusclescale>
        <scale>1</scale>
        <position>-0.298807,-0.513364,1.078794</position>
        <triangledirection>0.210034,0.826028,0.523032</triangledirection>
        <trianglepickorigin>0,0,0</trianglepickorigin>
        <orientation>
          <row0>0.977449,-0.189377,-0.0934294</row0>
          <row1>0.210034,0.826028,0.523032</row1>
          <row2>-0.0218752,-0.530860,0.847176</row2>
        </orientation>
      </transform>
      <snapped>true</snapped>
      <childlist count="1">
        <childid>29</childid>
      </childlist>
      <symmetric>28</symmetric>
      <handles count="1">
        <weight channel="0xf320ba37">0.0728290</weight>
      </handles>
      <isasymmetric>false</isasymmetric>
    </blockref>
    <blockref>
      <blockid>0x40626000, 0x2051ae2d</blockid>
      <transform>
        <limbtype>0</limbtype>
        <musclescale>0.925000</musclescale>
        <basemusclescale>0.699999</basemusclescale>
        <scale>1</scale>
        <position>0.164867,-0.399060,1.423186</position>
        <triangledirection>-0.502406,0.179806,0.845729</triangledirection>
        <trianglepickorigin>0,0,0</trianglepickorigin>
        <orientation>
          <row0>0.457819,-0.774445,0.436618</row0>
          <row1>-0.502406,0.179806,0.845729</row1>
          <row2>-0.733477,-0.606551,-0.306767</row2>
        </orientation>
      </transform>
      <snapped>false</snapped>
      <childlist count="1">
        <childid>27</childid>
      </childlist>
      <symmetric>23</symmetric>
      <handles count="1">
        <weight channel="0xf320ba37">0.0576369</weight>
      </handles>
      <isasymmetric>false</isasymmetric>
    </blockref>
    <blockref>
      <blockid>0x40626000, 0x2051ae2d</blockid>
      <transform>
        <limbtype>0</limbtype>
        <musclescale>0.125</musclescale>
        <basemusclescale>1.049999</basemusclescale>
        <scale>1</scale>
        <position>0.268310,-0.436081,1.249056</position>
        <triangledirection>-0.168126,0.406830,0.897898</triangledirection>
        <trianglepickorigin>0,0,0</trianglepickorigin>
        <orientation>
          <row0>0.457819,-0.774445,0.436618</row0>
          <row1>-0.168126,0.406830,0.897898</row1>
          <row2>-0.873003,-0.484482,0.0560499</row2>
        </orientation>
      </transform>
      <snapped>true</snapped>
      <childlist count="1">
        <childid>28</childid>
      </childlist>
      <symmetric>24</symmetric>
      <handles count="1">
        <weight channel="0xf320ba37">0.0523612</weight>
      </handles>
      <isasymmetric>false</isasymmetric>
    </blockref>
    <blockref>
      <blockid>0x40626000, 0x2051ae2d</blockid>
      <transform>
        <limbtype>0</limbtype>
        <musclescale>0.350000</musclescale>
        <basemusclescale>0.850000</basemusclescale>
        <scale>1</scale>
        <position>0.300296,-0.513481,1.078230</position>
        <triangledirection>-0.210034,0.826028,0.523032</triangledirection>
        <trianglepickorigin>0,0,0</trianglepickorigin>
        <orientation>
          <row0>0.977567,0.186037,0.0987523</row0>
          <row1>-0.210034,0.826028,0.523032</row1>
          <row2>0.0157312,-0.532040,0.846572</row2>
        </orientation>
      </transform>
      <snapped>true</snapped>
      <childlist count="1">
        <childid>30</childid>
      </childlist>
      <symmetric>25</symmetric>
      <handles count="1">
        <weight channel="0xf320ba37">0.0728290</weight>
      </handles>
      <isasymmetric>false</isasymmetric>
    </blockref>
    <blockref>
      <blockid>0x40626000, 0x9fcd0b16</blockid>
      <transform>
        <basemusclescale>0.893066</basemusclescale>
        <scale>1.000000</scale>
        <position>-0.351512,-0.720646,0.947546</position>
        <triangledirection>0.0998319,0.761346,0.640613</triangledirection>
        <trianglepickorigin>0,0,0</trianglepickorigin>
        <orientation>
          <row0>0.352250,-0.562971,0.747651</row0>
          <row1>0.210034,0.826028,0.523032</row1>
          <row2>-0.912033,-0.0272060,0.409212</row2>
        </orientation>
        <userorientation>
          <userorientation_row0>0.417201,0.101672,-0.903108</userorientation_row0>
          <userorientation_row1>0.0855050,0.984923,0.150383</userorientation_row1>
          <userorientation_row2>0.904782,-0.139960,0.402217</userorientation_row2>
        </userorientation>
      </transform>
      <snapped>true</snapped>
      <symmetric>30</symmetric>
      <isasymmetric>false</isasymmetric>
    </blockref>
    <blockref>
      <blockid>0x40626000, 0x3a25c5a0</blockid>
      <transform>
        <basemusclescale>0.893066</basemusclescale>
        <scale>1.000000</scale>
        <position>0.353002,-0.720763,0.946981</position>
        <triangledirection>-0.0998319,0.761346,0.640613</triangledirection>
        <trianglepickorigin>0,0,0</trianglepickorigin>
        <orientation>
          <row0>0.352250,0.562971,-0.747651</row0>
          <row1>-0.210034,0.826028,0.523032</row1>
          <row2>0.912033,-0.0272060,0.409212</row2>
        </orientation>
        <userorientation>
          <userorientation_row0>0.417201,-0.101673,0.903109</userorientation_row0>
          <userorientation_row1>-0.0855050,0.984923,0.150383</userorientation_row1>
          <userorientation_row2>-0.904782,-0.139960,0.402217</userorientation_row2>
        </userorientation>
      </transform>
      <snapped>true</snapped>
      <symmetric>29</symmetric>
      <isasymmetric>false</isasymmetric>
    </blockref>
    <blockref>
      <blockid>0x40626000, 0x2051ae2d</blockid>
      <transform>
        <limbtype>0</limbtype>
        <musclescale>0.474999</musclescale>
        <basemusclescale>1.399998</basemusclescale>
        <scale>1</scale>
        <position>-0.137279,0.229655,0.729972</position>
        <triangledirection>0.525801,0.451323,0.720999</triangledirection>
        <trianglepickorigin>0,0,0</trianglepickorigin>
        <orientation>
          <row0>0.0243178,0.839306,-0.543114</row0>
          <row1>0.525801,0.451323,0.720999</row1>
          <row2>0.850259,-0.303103,-0.430333</row2>
        </orientation>
      </transform>
      <snapped>false</snapped>
      <childlist count="1">
        <childid>32</childid>
      </childlist>
      <symmetric>34</symmetric>
      <handles count="1">
        <weight channel="0xf320ba37">0.114429</weight>
      </handles>
      <isasymmetric>false</isasymmetric>
    </blockref>
    <blockref>
      <blockid>0x40626000, 0x2051ae2d</blockid>
      <transform>
        <limbtype>0</limbtype>
        <musclescale>0.125</musclescale>
        <basemusclescale>1.149999</basemusclescale>
        <scale>1</scale>
        <position>-0.334077,0.0607323,0.460114</position>
        <triangledirection>-0.714575,0.394528,0.577692</triangledirection>
        <trianglepickorigin>0,0,0</trianglepickorigin>
        <orientation>
          <row0>0.0243178,0.839306,-0.543114</row0>
          <row1>-0.714575,0.394528,0.577692</row1>
          <row2>0.699135,0.374048,0.609342</row2>
        </orientation>
      </transform>
      <snapped>true</snapped>
      <childlist count="1">
        <childid>33</childid>
      </childlist>
      <symmetric>35</symmetric>
      <handles count="1">
        <weight channel="0xf320ba37">0.0393484</weight>
      </handles>
      <isasymmetric>false</isasymmetric>
    </blockref>
    <blockref>
      <blockid>0x40626000, 0x2051ae2d</blockid>
      <transform>
        <limbtype>0</limbtype>
        <musclescale>0.300000</musclescale>
        <basemusclescale>0.800000</basemusclescale>
        <scale>1</scale>
        <position>-0.225699,0.000894937,0.372497</position>
        <triangledirection>0.472770,-0.0231107,0.880882</triangledirection>
        <trianglepickorigin>0,0,0</trianglepickorigin>
        <orientation>
          <row0>-0.365710,-0.914644,0.172280</row0>
          <row1>0.472770,-0.0231107,0.880882</row1>
          <row2>-0.801713,0.403597,0.440868</row2>
        </orientation>
      </transform>
      <snapped>true</snapped>
      <childlist count="1">
        <childid>38</childid>
      </childlist>
      <symmetric>36</symmetric>
      <handles count="1">
        <weight channel="0xf320ba37">0.0813116</weight>
      </handles>
      <isasymmetric>false</isasymmetric>
    </blockref>
    <blockref>
      <blockid>0x40626000, 0x2051ae2d</blockid>
      <transform>
        <limbtype>0</limbtype>
        <musclescale>0.474999</musclescale>
        <basemusclescale>1.399998</basemusclescale>
        <scale>1</scale>
        <position>0.137279,0.229655,0.729972</position>
        <triangledirection>-0.525801,0.451323,0.720999</triangledirection>
        <trianglepickorigin>0,0,0</trianglepickorigin>
        <orientation>
          <row0>0.0243175,-0.839306,0.543114</row0>
          <row1>-0.525801,0.451323,0.720999</row1>
          <row2>-0.850259,-0.303103,-0.430333</row2>
        </orientation>
      </transform>
      <snapped>false</snapped>
      <childlist count="1">
        <childid>35</childid>
      </childlist>
      <symmetric>31</symmetric>
      <handles count="1">
        <weight channel="0xf320ba37">0.114429</weight>
      </handles>
      <isasymmetric>false</isasymmetric>
    </blockref>
    <blockref>
      <blockid>0x40626000, 0x2051ae2d</blockid>
      <transform>
        <limbtype>0</limbtype>
        <musclescale>0.125</musclescale>
        <basemusclescale>1.149999</basemusclescale>
        <scale>1</scale>
        <position>0.334077,0.0607323,0.460114</position>
        <triangledirection>0.714575,0.394528,0.577692</triangledirection>
        <trianglepickorigin>0,0,0</trianglepickorigin>
        <orientation>
          <row0>0.0243177,-0.839306,0.543114</row0>
          <row1>0.714575,0.394528,0.577692</row1>
          <row2>-0.699135,0.374048,0.609342</row2>
        </orientation>
      </transform>
      <snapped>true</snapped>
      <childlist count="1">
        <childid>36</childid>
      </childlist>
      <symmetric>32</symmetric>
      <handles count="1">
        <weight channel="0xf320ba37">0.0393484</weight>
      </handles>
      <isasymmetric>false</isasymmetric>
    </blockref>
    <blockref>
      <blockid>0x40626000, 0x2051ae2d</blockid>
      <transform>
        <limbtype>0</limbtype>
        <musclescale>0.300000</musclescale>
        <basemusclescale>0.800000</basemusclescale>
        <scale>1</scale>
        <position>0.225699,0.000894941,0.372497</position>
        <triangledirection>-0.472770,-0.0231107,0.880882</triangledirection>
        <trianglepickorigin>0,0,0</trianglepickorigin>
        <orientation>
          <row0>-0.365710,0.914644,-0.172280</row0>
          <row1>-0.472770,-0.0231107,0.880882</row1>
          <row2>0.801713,0.403597,0.440868</row2>
        </orientation>
      </transform>
      <snapped>true</snapped>
      <childlist count="1">
        <childid>39</childid>
      </childlist>
      <symmetric>33</symmetric>
      <handles count="1">
        <weight channel="0xf320ba37">0.0813116</weight>
      </handles>
      <isasymmetric>false</isasymmetric>
    </blockref>
    <blockref>
      <blockid>0x40626000, 0xd05c53a3</blockid>
      <transform>
        <scale>0.280000</scale>
        <position>0,0.785717,0.859230</position>
        <triangledirection>0,0.576471,0.817117</triangledirection>
        <trianglepickorigin>0,0,0</trianglepickorigin>
        <orientation>
          <row0>1,0,0</row0>
          <row1>0,0.576471,0.817117</row1>
          <row2>0,-0.817117,0.576471</row2>
        </orientation>
      </transform>
      <snapped>false</snapped>
      <childlist count="1">
        <childid>44</childid>
      </childlist>
      <isasymmetric>false</isasymmetric>
    </blockref>
    <blockref>
      <blockid>0x40626000, 0xf0723de5</blockid>
      <transform>
        <basemusclescale>1.306667</basemusclescale>
        <scale>1.568312</scale>
        <position>-0.356226,0.00727556,0.129295</position>
        <triangledirection>0,1,0</triangledirection>
        <trianglepickorigin>0,0,0</trianglepickorigin>
        <orientation>
          <row0>1,0,0</row0>
          <row1>0,1,0</row1>
          <row2>0,0,1</row2>
        </orientation>
      </transform>
      <snapped>true</snapped>
      <symmetric>39</symmetric>
      <handles count="3">
        <weight channel="0xd02751de">0</weight>
        <weight channel="0x2e6521f4">0.181528</weight>
        <weight channel="0x7cc96c02">0.200399</weight>
      </handles>
      <isasymmetric>false</isasymmetric>
    </blockref>
    <blockref>
      <blockid>0x40626000, 0xce3e4183</blockid>
      <transform>
        <basemusclescale>1.306667</basemusclescale>
        <scale>1.568312</scale>
        <position>0.356226,0.00727555,0.129295</position>
        <triangledirection>0,1,0</triangledirection>
        <trianglepickorigin>0,0,0</trianglepickorigin>
        <orientation>
          <row0>1,0,0</row0>
          <row1>0,1,0</row1>
          <row2>0,0,1</row2>
        </orientation>
      </transform>
      <snapped>true</snapped>
      <symmetric>38</symmetric>
      <handles count="3">
        <weight channel="0xd02751de">0</weight>
        <weight channel="0x2e6521f4">0.181528</weight>
        <weight channel="0x7cc96c02">0.200399</weight>
      </handles>
      <isasymmetric>false</isasymmetric>
    </blockref>
    <blockref>
      <blockid>0x40626000, 0xa6dce28d</blockid>
      <transform>
        <scale>1.690459</scale>
        <position>-0.170041,-0.0517991,1.313905</position>
        <triangledirection>0.215799,-0.790309,-0.573446</triangledirection>
        <trianglepickorigin>0,0,0</trianglepickorigin>
        <orientation>
          <row0>-0.597874,-0.801589,-2.98023e-8</row0>
          <row1>0.742105,-0.553508,-0.378032</row1>
          <row2>0.303026,-0.226016,0.925792</row2>
        </orientation>
        <userorientation>
          <userorientation_row0>-0.289265,-0.153643,-0.944838</userorientation_row0>
          <userorientation_row1>0.504482,0.814370,-0.286876</userorientation_row1>
          <userorientation_row2>0.813524,-0.559638,-0.158058</userorientation_row2>
        </userorientation>
      </transform>
      <snapped>false</snapped>
      <symmetric>41</symmetric>
      <handles count="3">
        <weight channel="0x2e6521f4">0.724483</weight>
        <weight channel="0x7cc96c02">1</weight>
        <weight channel="0xd02751de">1</weight>
      </handles>
      <isasymmetric>false</isasymmetric>
    </blockref>
    <blockref>
      <blockid>0x40626000, 0x4e1ccafb</blockid>
      <transform>
        <scale>1.690459</scale>
        <position>0.170041,-0.0517991,1.313905</position>
        <triangledirection>-0.215799,-0.790309,-0.573446</triangledirection>
        <trianglepickorigin>0,0,0</trianglepickorigin>
        <orientation>
          <row0>-0.597874,0.801589,-1.49011e-8</row0>
          <row1>-0.742105,-0.553508,-0.378032</row1>
          <row2>-0.303026,-0.226016,0.925792</row2>
        </orientation>
        <userorientation>
          <userorientation_row0>-0.289265,0.153643,0.944838</userorientation_row0>
          <userorientation_row1>-0.504482,0.814370,-0.286876</userorientation_row1>
          <userorientation_row2>-0.813524,-0.559638,-0.158058</userorientation_row2>
        </userorientation>
      </transform>
      <snapped>false</snapped>
      <symmetric>40</symmetric>
      <handles count="3">
        <weight channel="0x2e6521f4">0.724483</weight>
        <weight channel="0x7cc96c02">1</weight>
        <weight channel="0xd02751de">1</weight>
      </handles>
      <isasymmetric>false</isasymmetric>
    </blockref>
    <blockref>
      <blockid>0x40626000, 0xb951475e</blockid>
      <transform>
        <scale>1.568312</scale>
        <position>-0.0454484,0.717517,0.754180</position>
        <triangledirection>0.687739,-0.485890,-0.539375</triangledirection>
        <trianglepickorigin>0,0,0</trianglepickorigin>
        <orientation>
          <row0>-8.08379e-8,-1.000000,9.25432e-8</row0>
          <row1>0.820889,-1.19209e-7,-0.571087</row1>
          <row2>0.571087,2.98021e-8,0.820889</row2>
        </orientation>
        <userorientation>
          <userorientation_row0>0.774546,-0.403374,0.487203</userorientation_row0>
          <userorientation_row1>0.485889,0.872588,-0.0500082</userorientation_row1>
          <userorientation_row2>-0.404955,0.275460,0.871855</userorientation_row2>
        </userorientation>
      </transform>
      <snapped>false</snapped>
      <symmetric>43</symmetric>
      <handles count="3">
        <weight channel="0x2e6521f4">0.333949</weight>
        <weight channel="0x7cc96c02">0</weight>
        <weight channel="0xd02751de">0.330940</weight>
      </handles>
      <isasymmetric>false</isasymmetric>
    </blockref>
    <blockref>
      <blockid>0x40626000, 0x4e1ccaf8</blockid>
      <transform>
        <scale>1.568312</scale>
        <position>0.0454484,0.717517,0.754180</position>
        <triangledirection>-0.687738,-0.485889,-0.539375</triangledirection>
        <trianglepickorigin>0,0,0</trianglepickorigin>
        <orientation>
          <row0>-8.08379e-8,1,-9.25432e-8</row0>
          <row1>-0.820889,-1.19209e-7,-0.571087</row1>
          <row2>-0.571087,2.98022e-8,0.820888</row2>
        </orientation>
        <userorientation>
          <userorientation_row0>0.774546,0.403374,-0.487203</userorientation_row0>
          <userorientation_row1>-0.485889,0.872588,-0.0500082</userorientation_row1>
          <userorientation_row2>0.404956,0.275460,0.871855</userorientation_row2>
        </userorientation>
      </transform>
      <snapped>false</snapped>
      <symmetric>42</symmetric>
      <handles count="3">
        <weight channel="0x2e6521f4">0.333949</weight>
        <weight channel="0x7cc96c02">0</weight>
        <weight channel="0xd02751de">0.330940</weight>
      </handles>
      <isasymmetric>false</isasymmetric>
    </blockref>
    <blockref>
      <blockid>0x40626000, 0xa6dce28d</blockid>
      <transform>
        <scale>1.252322</scale>
        <position>0,0.854790,0.880114</position>
        <triangledirection>-1.19209e-7,-0.573077,-0.819501</triangledirection>
        <trianglepickorigin>0,0,0</trianglepickorigin>
        <orientation>
          <row0>2.83170e-7,-0.819501,0.573077</row0>
          <row1>-1.19209e-7,-0.573077,-0.819501</row1>
          <row2>1,1.63742e-7,-2.59970e-7</row2>
        </orientation>
      </transform>
      <snapped>false</snapped>
      <handles count="3">
        <weight channel="0x2e6521f4">0.499007</weight>
        <weight channel="0x7cc96c02">1</weight>
        <weight channel="0xd02751de">0.497715</weight>
      </handles>
      <isasymmetric>false</isasymmetric>
    </blockref>
  </blocks></sporemodel>