<?xml version="1.0" encoding="UTF-8"?><sporemodel>
  <formatversion>18</formatversion>
  <properties>
    <modeltype>0x9ea3031a</modeltype>
    <skineffect1>0x8ec5176c</skineffect1>
    <skineffect2>0x070a7fc0</skineffect2>
    <skineffect3>0x27dee652</skineffect3>
    <skineffectseed1>4115</skineffectseed1>
    <skineffectseed2>1234</skineffectseed2>
    <skineffectseed3>1234</skineffectseed3>
    <skincolor1>1,1,1</skincolor1>
    <skincolor2>1,1,1</skincolor2>
    <skincolor3>1,1,1</skincolor3>
    <zcorpscore>155</zcorpscore>
  </properties>
  <blocks count="17">
    <blockref>
      <blockid>0x40626000, 0xd05c53a3</blockid>
      <transform>
        <scale>1.046323</scale>
        <position>0,-0.217881,1.369689</position>
        <triangledirection>0,-0.0188739,-0.999821</triangledirection>
        <trianglepickorigin>0,0,0</trianglepickorigin>
        <orientation>
          <row0>1.000000,0,0</row0>
          <row1>0,-0.0188739,-0.999821</row1>
          <row2>0,0.999821,-0.0188739</row2>
        </orientation>
      </transform>
      <snapped>false</snapped>
      <childlist count="5">
        <childid>16</childid>
        <childid>13</childid>
        <childid>12</childid>
        <childid>11</childid>
        <childid>1</childid>
      </childlist>
      <isasymmetric>false</isasymmetric>
    </blockref>
    <blockref>
      <blockid>0x40626000, 0xd05c53a3</blockid>
      <transform>
        <scale>0.746860</scale>
        <position>0,-0.205668,1.256484</position>
        <triangledirection>0,0.231696,-0.972788</triangledirection>
        <trianglepickorigin>0,0,0</trianglepickorigin>
        <orientation>
          <row0>1,0,0</row0>
          <row1>0,0.231696,-0.972788</row1>
          <row2>0,0.972788,0.231696</row2>
        </orientation>
      </transform>
      <snapped>false</snapped>
      <childlist count="1">
        <childid>2</childid>
      </childlist>
      <isasymmetric>false</isasymmetric>
    </blockref>
    <blockref>
      <blockid>0x40626000, 0xd05c53a3</blockid>
      <transform>
        <scale>0.870969</scale>
        <position>0,-0.167606,1.149404</position>
        <triangledirection>0,0.434254,-0.900790</triangledirection>
        <trianglepickorigin>0,0,0</trianglepickorigin>
        <orientation>
          <row0>1,0,0</row0>
          <row1>0,0.434254,-0.900790</row1>
          <row2>0,0.900790,0.434254</row2>
        </orientation>
      </transform>
      <snapped>false</snapped>
      <childlist count="1">
        <childid>3</childid>
      </childlist>
      <isasymmetric>false</isasymmetric>
    </blockref>
    <blockref>
      <blockid>0x40626000, 0xd05c53a3</blockid>
      <transform>
        <scale>1.022228</scale>
        <position>0,-0.131760,1.047265</position>
        <triangledirection>0,0.223928,-0.974605</triangledirection>
        <trianglepickorigin>0,0,0</trianglepickorigin>
        <orientation>
          <row0>1,0,0</row0>
          <row1>0,0.223928,-0.974605</row1>
          <row2>0,0.974605,0.223928</row2>
        </orientation>
      </transform>
      <snapped>false</snapped>
      <childlist count="1">
        <childid>4</childid>
      </childlist>
      <isasymmetric>false</isasymmetric>
    </blockref>
    <blockref>
      <blockid>0x40626000, 0xd05c53a3</blockid>
      <transform>
        <scale>1.351519</scale>
        <position>0,-0.105176,0.938472</position>
        <triangledirection>0,0.250756,-0.968050</triangledirection>
        <trianglepickorigin>0,0,0</trianglepickorigin>
        <orientation>
          <row0>1,0,0</row0>
          <row1>0,0.250756,-0.968050</row1>
          <row2>0,0.968050,0.250756</row2>
        </orientation>
      </transform>
      <snapped>false</snapped>
      <childlist count="8">
        <childid>15</childid>
        <childid>14</childid>
        <childid>10</childid>
        <childid>9</childid>
        <childid>8</childid>
        <childid>7</childid>
        <childid>6</childid>
        <childid>5</childid>
      </childlist>
      <isasymmetric>false</isasymmetric>
    </blockref>
    <blockref>
      <blockid>0x40626000, 0x559876a9</blockid>
      <transform>
        <scale>1.822119</scale>
        <position>0,-0.607021,0.923693</position>
        <triangledirection>0,0.991044,-0.133528</triangledirection>
        <trianglepickorigin>0,0,0</trianglepickorigin>
        <orientation>
          <row0>1,0,0</row0>
          <row1>0,0.991044,-0.133528</row1>
          <row2>0,0.133528,0.991044</row2>
        </orientation>
      </transform>
      <snapped>false</snapped>
      <handles count="3">
        <weight channel="0x2e6521f4">1</weight>
        <weight channel="0x7cc96c02">0.824672</weight>
        <weight channel="0xd02751de">0.537496</weight>
      </handles>
      <isasymmetric>false</isasymmetric>
    </blockref>
    <blockref>
      <blockid>0x40626000, 0x9343e65f</blockid>
      <transform>
        <scale>1.822119</scale>
        <position>0.285573,-0.279157,0.950918</position>
        <triangledirection>-0.966867,-0.119417,-0.225624</triangledirection>
        <trianglepickorigin>0,0,0</trianglepickorigin>
        <orientation>
          <row0>-0.122578,0.992458,-1.86264e-9</row0>
          <row1>-0.966867,-0.119417,-0.225624</row1>
          <row2>-0.223923,-0.0276567,0.974214</row2>
        </orientation>
      </transform>
      <snapped>false</snapped>
      <symmetric>7</symmetric>
      <handles count="3">
        <weight channel="0x2e6521f4">1</weight>
        <weight channel="0x7cc96c02">0.820503</weight>
        <weight channel="0xd02751de">0.515905</weight>
      </handles>
      <isasymmetric>false</isasymmetric>
    </blockref>
    <blockref>
      <blockid>0x40626000, 0x559876a9</blockid>
      <transform>
        <scale>1.822119</scale>
        <position>-0.285573,-0.279157,0.950918</position>
        <triangledirection>0.966867,-0.119417,-0.225624</triangledirection>
        <trianglepickorigin>0,0,0</trianglepickorigin>
        <orientation>
          <row0>-0.122578,-0.992458,3.72529e-9</row0>
          <row1>0.966867,-0.119417,-0.225624</row1>
          <row2>0.223923,-0.0276567,0.974214</row2>
        </orientation>
      </transform>
      <snapped>false</snapped>
      <symmetric>6</symmetric>
      <handles count="3">
        <weight channel="0x2e6521f4">1</weight>
        <weight channel="0x7cc96c02">0.820503</weight>
        <weight channel="0xd02751de">0.515905</weight>
      </handles>
      <isasymmetric>false</isasymmetric>
    </blockref>
    <blockref>
      <blockid>0x40626000, 0x559876a9</blockid>
      <transform>
        <scale>1.822119</scale>
        <position>0,-0.0448954,1.007665</position>
        <triangledirection>0,-0.941475,-0.337081</triangledirection>
        <trianglepickorigin>0,0,0</trianglepickorigin>
        <orientation>
          <row0>1.000000,0,0</row0>
          <row1>0,-0.941475,-0.337081</row1>
          <row2>0,0.337081,-0.941475</row2>
        </orientation>
      </transform>
      <snapped>false</snapped>
      <handles count="3">
        <weight channel="0x2e6521f4">1</weight>
        <weight channel="0x7cc96c02">0.811505</weight>
        <weight channel="0xd02751de">0.400063</weight>
      </handles>
      <isasymmetric>false</isasymmetric>
    </blockref>
    <blockref>
      <blockid>0x40626000, 0x559876a9</blockid>
      <transform>
        <scale>2.366946</scale>
        <position>0,-0.374908,0.594332</position>
        <triangledirection>0,0.204226,0.978923</triangledirection>
        <trianglepickorigin>0,0,0</trianglepickorigin>
        <orientation>
          <row0>1,0,0</row0>
          <row1>0,0.204226,0.978923</row1>
          <row2>0,-0.978923,0.204226</row2>
        </orientation>
      </transform>
      <snapped>false</snapped>
      <handles count="3">
        <weight channel="0x2e6521f4">0.578976</weight>
        <weight channel="0x7cc96c02">0.618387</weight>
        <weight channel="0xd02751de">0</weight>
      </handles>
      <isasymmetric>false</isasymmetric>
    </blockref>
    <blockref>
      <blockid>0x40626000, 0x559876a9</blockid>
      <transform>
        <scale>2.366946</scale>
        <position>0,-0.118930,0.662389</position>
        <triangledirection>0,-0.661087,0.750308</triangledirection>
        <trianglepickorigin>0,0,0</trianglepickorigin>
        <orientation>
          <row0>1,0,0</row0>
          <row1>0,-0.661087,0.750308</row1>
          <row2>0,-0.750308,-0.661087</row2>
        </orientation>
      </transform>
      <snapped>false</snapped>
      <handles count="3">
        <weight channel="0x2e6521f4">0.533440</weight>
        <weight channel="0x7cc96c02">0.618387</weight>
        <weight channel="0xd02751de">0</weight>
      </handles>
      <isasymmetric>false</isasymmetric>
    </blockref>
    <blockref>
      <blockid>0x40626000, 0x9343e658</blockid>
      <transform>
        <scale>1.690459</scale>
        <position>0,-0.611441,1.341280</position>
        <triangledirection>0,0.990408,0.138168</triangledirection>
        <trianglepickorigin>0,0,0</trianglepickorigin>
        <orientation>
          <row0>1,0,0</row0>
          <row1>0,0.990408,0.138168</row1>
          <row2>0,-0.138168,0.990408</row2>
        </orientation>
      </transform>
      <snapped>false</snapped>
      <handles count="2">
        <weight channel="0x2e6521f4">0.787928</weight>
        <weight channel="0xd02751de">0.763159</weight>
      </handles>
      <isasymmetric>false</isasymmetric>
    </blockref>
    <blockref>
      <blockid>0x40626000, 0x2ad38a49</blockid>
      <transform>
        <scale>1.822119</scale>
        <position>0.223440,-0.404264,1.417770</position>
        <triangledirection>-0.997861,0.0630781,-0.0171429</triangledirection>
        <trianglepickorigin>0,0,0</trianglepickorigin>
        <orientation>
          <row0>0.0849398,0.996385,-2.42143e-8</row0>
          <row1>-0.976983,0.0832858,-0.196382</row1>
          <row2>-0.195673,0.0166807,0.980527</row2>
        </orientation>
        <userorientation>
          <userorientation_row0>0.999732,0.0202262,0.0111939</userorientation_row0>
          <userorientation_row1>-0.0219079,0.983514,0.179497</userorientation_row1>
          <userorientation_row2>-0.00737883,-0.179694,0.983694</userorientation_row2>
        </userorientation>
      </transform>
      <snapped>false</snapped>
      <symmetric>13</symmetric>
      <isasymmetric>false</isasymmetric>
    </blockref>
    <blockref>
      <blockid>0x40626000, 0x67b6b7af</blockid>
      <transform>
        <scale>1.822119</scale>
        <position>-0.223440,-0.404264,1.417770</position>
        <triangledirection>0.997861,0.0630781,-0.0171429</triangledirection>
        <trianglepickorigin>0,0,0</trianglepickorigin>
        <orientation>
          <row0>0.0849398,-0.996385,2.60770e-8</row0>
          <row1>0.976983,0.0832858,-0.196382</row1>
          <row2>0.195673,0.0166807,0.980527</row2>
        </orientation>
        <userorientation>
          <userorientation_row0>0.999732,-0.0202262,-0.0111939</userorientation_row0>
          <userorientation_row1>0.0219079,0.983514,0.179497</userorientation_row1>
          <userorientation_row2>0.00737883,-0.179694,0.983694</userorientation_row2>
        </userorientation>
      </transform>
      <snapped>false</snapped>
      <symmetric>12</symmetric>
      <isasymmetric>false</isasymmetric>
    </blockref>
    <blockref>
      <blockid>0x40626000, 0x9343e65f</blockid>
      <transform>
        <scale>1.822119</scale>
        <position>0.261647,-0.446193,0.920062</position>
        <triangledirection>-0.886488,0.446589,-0.121223</triangledirection>
        <trianglepickorigin>0,0,0</trianglepickorigin>
        <orientation>
          <row0>0.449907,0.893075,-1.11758e-8</row0>
          <row1>-0.886488,0.446589,-0.121223</row1>
          <row2>-0.108261,0.0545392,0.992625</row2>
        </orientation>
      </transform>
      <snapped>false</snapped>
      <symmetric>15</symmetric>
      <handles count="3">
        <weight channel="0x2e6521f4">1</weight>
        <weight channel="0x7cc96c02">0.820503</weight>
        <weight channel="0xd02751de">0.515905</weight>
      </handles>
      <isasymmetric>false</isasymmetric>
    </blockref>
    <blockref>
      <blockid>0x40626000, 0x559876a9</blockid>
      <transform>
        <scale>1.822119</scale>
        <position>-0.261647,-0.446193,0.920062</position>
        <triangledirection>0.886488,0.446589,-0.121223</triangledirection>
        <trianglepickorigin>0,0,0</trianglepickorigin>
        <orientation>
          <row0>0.449907,-0.893075,1.86264e-8</row0>
          <row1>0.886488,0.446589,-0.121223</row1>
          <row2>0.108261,0.0545393,0.992625</row2>
        </orientation>
      </transform>
      <snapped>false</snapped>
      <symmetric>14</symmetric>
      <handles count="3">
        <weight channel="0x2e6521f4">1</weight>
        <weight channel="0x7cc96c02">0.820503</weight>
        <weight channel="0xd02751de">0.515905</weight>
      </handles>
      <isasymmetric>false</isasymmetric>
    </blockref>
    <blockref>
      <blockid>0x40626000, 0xc8f7a869</blockid>
      <transform>
        <scale>0.5</scale>
        <position>0,-0.607660,1.325098</position>
        <triangledirection>0,0.827320,0.561730</triangledirection>
        <trianglepickorigin>0,0,0</trianglepickorigin>
        <orientation>
          <row0>1,0,0</row0>
          <row1>0,0.977747,0.209785</row1>
          <row2>0,-0.209785,0.977747</row2>
        </orientation>
        <userorientation>
          <userorientation_row0>1,0,0</userorientation_row0>
          <userorientation_row1>0,0.926753,0.375670</userorientation_row1>
          <userorientation_row2>0,-0.375670,0.926753</userorientation_row2>
        </userorientation>
      </transform>
      <snapped>false</snapped>
      <handles count="3">
        <weight channel="0x2e6521f4">0</weight>
        <weight channel="0x7cc96c02">0</weight>
        <weight channel="0xd02751de">0.462887</weight>
      </handles>
      <isasymmetric>false</isasymmetric>
    </blockref>
  </blocks></sporemodel>