<?xml version="1.0" encoding="UTF-8"?><sporemodel>
  <formatversion>18</formatversion>
  <properties>
    <modeltype>0x9ea3031a</modeltype>
    <skineffect1>0x8ec5176c</skineffect1>
    <skineffect2>0x97e43b59</skineffect2>
    <skineffect3>0x1c782d6f</skineffect3>
    <skineffectseed1>1234</skineffectseed1>
    <skineffectseed2>1234</skineffectseed2>
    <skineffectseed3>1234</skineffectseed3>
    <skincolor1>0.0627450,0.0627450,0.0627450</skincolor1>
    <skincolor2>0.458822,0.694117,0.913725</skincolor2>
    <skincolor3>0.0156861,0.0352941,0.282352</skincolor3>
    <zcorpscore>255</zcorpscore>
  </properties>
  <blocks count="3">
    <blockref>
      <blockid>0x40626000, 0xd05c53a3</blockid>
      <transform>
        <scale>0.75</scale>
        <position>0,-0.0750628,0.455086</position>
        <triangledirection>0,0.999076,0.0429670</triangledirection>
        <trianglepickorigin>0,0,0</trianglepickorigin>
        <orientation>
          <row0>1,0,0</row0>
          <row1>0,0.999076,0.0429670</row1>
          <row2>0,-0.0429670,0.999076</row2>
        </orientation>
      </transform>
      <snapped>false</snapped>
      <childlist count="1">
        <childid>1</childid>
      </childlist>
      <isasymmetric>false</isasymmetric>
    </blockref>
    <blockref>
      <blockid>0x40626000, 0xd05c53a3</blockid>
      <transform>
        <scale>1.100000</scale>
        <position>0,0.0320761,0.445717</position>
        <triangledirection>0,0.976454,-0.215722</triangledirection>
        <trianglepickorigin>0,0,0</trianglepickorigin>
        <orientation>
          <row0>1,0,0</row0>
          <row1>0,0.976454,-0.215722</row1>
          <row2>0,0.215722,0.976454</row2>
        </orientation>
      </transform>
      <snapped>false</snapped>
      <childlist count="1">
        <childid>2</childid>
      </childlist>
      <isasymmetric>false</isasymmetric>
    </blockref>
    <blockref>
      <blockid>0x40626000, 0x050d2812</blockid>
      <transform>
        <scale>0.5</scale>
        <position>0,0.0770068,0.0496419</position>
        <triangledirection>0,-0.346546,0.938032</triangledirection>
        <trianglepickorigin>0,0,0</trianglepickorigin>
        <orientation>
          <row0>-1,0,0</row0>
          <row1>0,-0.346546,0.938032</row1>
          <row2>0,0.938032,0.346546</row2>
        </orientation>
      </transform>
      <snapped>false</snapped>
      <handles count="3">
        <weight channel="0xd02751de">0.466138</weight>
        <weight channel="0x2e6521f4">0</weight>
        <weight channel="0x7cc96c02">0</weight>
      </handles>
      <isasymmetric>false</isasymmetric>
    </blockref>
  </blocks></sporemodel>