<?xml version="1.0" encoding="UTF-8"?><sporemodel>
  <formatversion>18</formatversion>
  <properties>
    <modeltype>0x9ea3031a</modeltype>
    <skineffect1>0x42d9cefa</skineffect1>
    <skineffect2>0x8ac01a79</skineffect2>
    <skineffect3>0x27dee652</skineffect3>
    <skineffectseed1>1234</skineffectseed1>
    <skineffectseed2>1234</skineffectseed2>
    <skineffectseed3>1234</skineffectseed3>
    <skincolor1>0.443135,0.223527,0.141176</skincolor1>
    <skincolor2>0.431372,0.800000,0.400000</skincolor2>
    <skincolor3>0.443137,0.180392,0.0823529</skincolor3>
    <zcorpscore>1</zcorpscore>
  </properties>
  <blocks count="76">
    <blockref>
      <blockid>0x40626000, 0xd05c53a3</blockid>
      <transform>
        <scale>0.659708</scale>
        <position>0,0.0232330,1.434511</position>
        <triangledirection>0,0.0985689,-0.995130</triangledirection>
        <trianglepickorigin>0,0,0</trianglepickorigin>
        <orientation>
          <row0>1,0,0</row0>
          <row1>0,0.0985689,-0.995130</row1>
          <row2>0,0.995130,0.0985689</row2>
        </orientation>
      </transform>
      <snapped>false</snapped>
      <childlist count="1">
        <childid>1</childid>
      </childlist>
      <isasymmetric>false</isasymmetric>
    </blockref>
    <blockref>
      <blockid>0x40626000, 0xd05c53a3</blockid>
      <transform>
        <scale>0.691353</scale>
        <position>0,0.0389248,1.323034</position>
        <triangledirection>0,0.179981,-0.983670</triangledirection>
        <trianglepickorigin>0,0,0</trianglepickorigin>
        <orientation>
          <row0>1.000000,0,0</row0>
          <row1>0,0.179981,-0.983670</row1>
          <row2>0,0.983670,0.179981</row2>
        </orientation>
      </transform>
      <snapped>false</snapped>
      <childlist count="1">
        <childid>2</childid>
      </childlist>
      <isasymmetric>false</isasymmetric>
    </blockref>
    <blockref>
      <blockid>0x40626000, 0xd05c53a3</blockid>
      <transform>
        <scale>0.750892</scale>
        <position>0,0.0653987,1.213325</position>
        <triangledirection>0,0.288453,-0.957494</triangledirection>
        <trianglepickorigin>0,0,0</trianglepickorigin>
        <orientation>
          <row0>1.000000,0,0</row0>
          <row1>0,0.288453,-0.957494</row1>
          <row2>0,0.957494,0.288453</row2>
        </orientation>
      </transform>
      <snapped>false</snapped>
      <childlist count="1">
        <childid>3</childid>
      </childlist>
      <isasymmetric>false</isasymmetric>
    </blockref>
    <blockref>
      <blockid>0x40626000, 0xd05c53a3</blockid>
      <transform>
        <scale>0.770712</scale>
        <position>0,0.101374,1.106820</position>
        <triangledirection>0,0.351276,-0.936271</triangledirection>
        <trianglepickorigin>0,0,0</trianglepickorigin>
        <orientation>
          <row0>1,0,0</row0>
          <row1>0,0.351276,-0.936271</row1>
          <row2>0,0.936271,0.351276</row2>
        </orientation>
      </transform>
      <snapped>false</snapped>
      <childlist count="1">
        <childid>4</childid>
      </childlist>
      <isasymmetric>false</isasymmetric>
    </blockref>
    <blockref>
      <blockid>0x40626000, 0xd05c53a3</blockid>
      <transform>
        <scale>0.884369</scale>
        <position>0,0.126706,1.001968</position>
        <triangledirection>0,0.114895,-0.993377</triangledirection>
        <trianglepickorigin>0,0,0</trianglepickorigin>
        <orientation>
          <row0>1.000000,0,0</row0>
          <row1>0,0.114895,-0.993377</row1>
          <row2>0,0.993377,0.114895</row2>
        </orientation>
      </transform>
      <snapped>false</snapped>
      <childlist count="1">
        <childid>5</childid>
      </childlist>
      <isasymmetric>false</isasymmetric>
    </blockref>
    <blockref>
      <blockid>0x40626000, 0xd05c53a3</blockid>
      <transform>
        <scale>1.029827</scale>
        <position>0,0.125284,0.894380</position>
        <triangledirection>0,-0.141177,-0.989984</triangledirection>
        <trianglepickorigin>0,0,0</trianglepickorigin>
        <orientation>
          <row0>1.000000,0,0</row0>
          <row1>0,-0.141177,-0.989984</row1>
          <row2>0,0.989984,-0.141177</row2>
        </orientation>
      </transform>
      <snapped>false</snapped>
      <childlist count="3">
        <childid>25</childid>
        <childid>24</childid>
        <childid>6</childid>
      </childlist>
      <isasymmetric>false</isasymmetric>
    </blockref>
    <blockref>
      <blockid>0x40626000, 0xd05c53a3</blockid>
      <transform>
        <scale>0.892931</scale>
        <position>0,0.109511,0.783876</position>
        <triangledirection>0,-0.141299,-0.989966</triangledirection>
        <trianglepickorigin>0,0,0</trianglepickorigin>
        <orientation>
          <row0>1.000000,0,0</row0>
          <row1>0,-0.141299,-0.989966</row1>
          <row2>0,0.989966,-0.141299</row2>
        </orientation>
      </transform>
      <snapped>false</snapped>
      <childlist count="7">
        <childid>73</childid>
        <childid>72</childid>
        <childid>60</childid>
        <childid>58</childid>
        <childid>14</childid>
        <childid>11</childid>
        <childid>7</childid>
      </childlist>
      <isasymmetric>false</isasymmetric>
    </blockref>
    <blockref>
      <blockid>0x40626000, 0xd05c53a3</blockid>
      <transform>
        <scale>0.633332</scale>
        <position>0,0.0740444,0.685827</position>
        <triangledirection>0,-0.524321,-0.851520</triangledirection>
        <trianglepickorigin>0,0,0</trianglepickorigin>
        <orientation>
          <row0>1.000000,0,0</row0>
          <row1>0,-0.524321,-0.851520</row1>
          <row2>0,0.851520,-0.524321</row2>
        </orientation>
      </transform>
      <snapped>false</snapped>
      <isasymmetric>false</isasymmetric>
    </blockref>
    <blockref>
      <blockid>0x40626000, 0xd05c53a3</blockid>
      <transform>
        <scale>0.649360</scale>
        <position>0,0.0143317,1.546275</position>
        <triangledirection>0,0.0602039,-0.998186</triangledirection>
        <trianglepickorigin>0,0,0</trianglepickorigin>
        <orientation>
          <row0>1.000000,0,0</row0>
          <row1>0,0.0602039,-0.998186</row1>
          <row2>0,0.998186,0.0602039</row2>
        </orientation>
      </transform>
      <snapped>false</snapped>
      <childlist count="1">
        <childid>0</childid>
      </childlist>
      <isasymmetric>false</isasymmetric>
    </blockref>
    <blockref>
      <blockid>0x40626000, 0xd05c53a3</blockid>
      <transform>
        <scale>0.605262</scale>
        <position>0,0.0110470,1.658596</position>
        <triangledirection>0,-0.00177096,-0.999998</triangledirection>
        <trianglepickorigin>0,0,0</trianglepickorigin>
        <orientation>
          <row0>1.000000,0,0</row0>
          <row1>0,-0.00177096,-0.999998</row1>
          <row2>0,0.999998,-0.00177096</row2>
        </orientation>
      </transform>
      <snapped>false</snapped>
      <childlist count="3">
        <childid>75</childid>
        <childid>74</childid>
        <childid>8</childid>
      </childlist>
      <isasymmetric>false</isasymmetric>
    </blockref>
    <blockref>
      <blockid>0x40626000, 0xd05c53a3</blockid>
      <transform>
        <scale>0.537143</scale>
        <position>0,0.00624425,1.768939</position>
        <triangledirection>0,0.0886887,-0.996059</triangledirection>
        <trianglepickorigin>0,0,0</trianglepickorigin>
        <orientation>
          <row0>1.000000,0,0</row0>
          <row1>0,0.0886887,-0.996059</row1>
          <row2>0,0.996059,0.0886887</row2>
        </orientation>
      </transform>
      <snapped>false</snapped>
      <childlist count="20">
        <childid>46</childid>
        <childid>44</childid>
        <childid>43</childid>
        <childid>42</childid>
        <childid>41</childid>
        <childid>40</childid>
        <childid>39</childid>
        <childid>38</childid>
        <childid>37</childid>
        <childid>36</childid>
        <childid>35</childid>
        <childid>34</childid>
        <childid>33</childid>
        <childid>32</childid>
        <childid>31</childid>
        <childid>30</childid>
        <childid>29</childid>
        <childid>28</childid>
        <childid>27</childid>
        <childid>9</childid>
      </childlist>
      <isasymmetric>false</isasymmetric>
    </blockref>
    <blockref>
      <blockid>0x40626000, 0xdec3c22a</blockid>
      <transform>
        <limbtype>0</limbtype>
        <musclescale>0.824997</musclescale>
        <basemusclescale>0.900000</basemusclescale>
        <scale>1</scale>
        <position>-0.195290,-0.0571208,0.780129</position>
        <triangledirection>0.472839,0.612227,0.633719</triangledirection>
        <trianglepickorigin>0,0,0</trianglepickorigin>
        <orientation>
          <row0>-0.855363,0.146206,0.496968</row0>
          <row1>0.472839,0.612227,0.633719</row1>
          <row2>-0.211603,0.777046,-0.592809</row2>
        </orientation>
      </transform>
      <snapped>false</snapped>
      <childlist count="1">
        <childid>12</childid>
      </childlist>
      <symmetric>14</symmetric>
      <handles count="1">
        <weight channel="0xf320ba37">0.0548490</weight>
      </handles>
      <isasymmetric>false</isasymmetric>
    </blockref>
    <blockref>
      <blockid>0x40626000, 0x33fccc91</blockid>
      <transform>
        <limbtype>0</limbtype>
        <musclescale>0.125</musclescale>
        <basemusclescale>0.5</basemusclescale>
        <scale>1</scale>
        <position>-0.286504,-0.175218,0.657885</position>
        <triangledirection>0.103920,-0.891412,0.441116</triangledirection>
        <trianglepickorigin>0,0,0</trianglepickorigin>
        <orientation>
          <row0>-0.855363,0.146207,0.496967</row0>
          <row1>0.103920,-0.891412,0.441116</row1>
          <row2>0.507497,0.428960,0.747288</row2>
        </orientation>
      </transform>
      <snapped>true</snapped>
      <childlist count="1">
        <childid>13</childid>
      </childlist>
      <symmetric>15</symmetric>
      <handles count="1">
        <weight channel="0xf320ba37">0.0393509</weight>
      </handles>
      <isasymmetric>false</isasymmetric>
    </blockref>
    <blockref>
      <blockid>0x40626000, 0x33fccc91</blockid>
      <transform>
        <limbtype>0</limbtype>
        <musclescale>0</musclescale>
        <basemusclescale>0.598320</basemusclescale>
        <scale>1</scale>
        <position>-0.302266,-0.0400151,0.590976</position>
        <triangledirection>0.00164373,0.830137,0.557556</triangledirection>
        <trianglepickorigin>0,0,0</trianglepickorigin>
        <orientation>
          <row0>0.992718,0.0658023,-0.100898</row0>
          <row1>0.00164373,0.830137,0.557556</row1>
          <row2>0.120448,-0.553662,0.823984</row2>
        </orientation>
      </transform>
      <snapped>true</snapped>
      <childlist count="2">
        <childid>67</childid>
        <childid>17</childid>
      </childlist>
      <symmetric>16</symmetric>
      <handles count="1">
        <weight channel="0xf320ba37">0.0263646</weight>
      </handles>
      <isasymmetric>false</isasymmetric>
    </blockref>
    <blockref>
      <blockid>0x40626000, 0xdec3c22a</blockid>
      <transform>
        <limbtype>0</limbtype>
        <musclescale>0.824997</musclescale>
        <basemusclescale>0.900000</basemusclescale>
        <scale>1</scale>
        <position>0.195290,-0.0571208,0.780129</position>
        <triangledirection>-0.472839,0.612227,0.633719</triangledirection>
        <trianglepickorigin>0,0,0</trianglepickorigin>
        <orientation>
          <row0>-0.855363,-0.146206,-0.496968</row0>
          <row1>-0.472839,0.612227,0.633719</row1>
          <row2>0.211603,0.777046,-0.592809</row2>
        </orientation>
      </transform>
      <snapped>false</snapped>
      <childlist count="1">
        <childid>15</childid>
      </childlist>
      <symmetric>11</symmetric>
      <handles count="1">
        <weight channel="0xf320ba37">0.0548490</weight>
      </handles>
      <isasymmetric>false</isasymmetric>
    </blockref>
    <blockref>
      <blockid>0x40626000, 0x33fccc91</blockid>
      <transform>
        <limbtype>0</limbtype>
        <musclescale>0.125</musclescale>
        <basemusclescale>0.550000</basemusclescale>
        <scale>1</scale>
        <position>0.286504,-0.175218,0.657885</position>
        <triangledirection>-0.103920,-0.891412,0.441116</triangledirection>
        <trianglepickorigin>0,0,0</trianglepickorigin>
        <orientation>
          <row0>-0.855363,-0.146207,-0.496967</row0>
          <row1>-0.103920,-0.891412,0.441116</row1>
          <row2>-0.507497,0.428960,0.747288</row2>
        </orientation>
      </transform>
      <snapped>true</snapped>
      <childlist count="1">
        <childid>16</childid>
      </childlist>
      <symmetric>12</symmetric>
      <handles count="1">
        <weight channel="0xf320ba37">0.0393509</weight>
      </handles>
      <isasymmetric>false</isasymmetric>
    </blockref>
    <blockref>
      <blockid>0x40626000, 0x33fccc91</blockid>
      <transform>
        <limbtype>0</limbtype>
        <musclescale>0</musclescale>
        <basemusclescale>0.598320</basemusclescale>
        <scale>1</scale>
        <position>0.302266,-0.0400151,0.590976</position>
        <triangledirection>-0.00164373,0.830137,0.557556</triangledirection>
        <trianglepickorigin>0,0,0</trianglepickorigin>
        <orientation>
          <row0>0.992718,-0.0658023,0.100898</row0>
          <row1>-0.00164373,0.830137,0.557556</row1>
          <row2>-0.120448,-0.553662,0.823984</row2>
        </orientation>
      </transform>
      <snapped>true</snapped>
      <childlist count="2">
        <childid>66</childid>
        <childid>18</childid>
      </childlist>
      <symmetric>13</symmetric>
      <handles count="1">
        <weight channel="0xf320ba37">0.0263646</weight>
      </handles>
      <isasymmetric>false</isasymmetric>
    </blockref>
    <blockref>
      <blockid>0x40626000, 0xa077208c</blockid>
      <transform>
        <basemusclescale>1.090170</basemusclescale>
        <scale>1</scale>
        <position>-0.302452,-0.133963,0.527876</position>
        <triangledirection>0.00164373,0.830137,0.557556</triangledirection>
        <trianglepickorigin>0,0,0</trianglepickorigin>
        <orientation>
          <row0>0.165092,-0.550132,0.818595</row0>
          <row1>0.00164373,0.830137,0.557556</row1>
          <row2>-0.986276,-0.0907028,0.137953</row2>
        </orientation>
      </transform>
      <snapped>true</snapped>
      <symmetric>18</symmetric>
      <isasymmetric>false</isasymmetric>
    </blockref>
    <blockref>
      <blockid>0x40626000, 0xa077208c</blockid>
      <transform>
        <basemusclescale>1.090170</basemusclescale>
        <scale>1</scale>
        <position>0.302452,-0.133963,0.527876</position>
        <triangledirection>-0.00164373,0.830137,0.557556</triangledirection>
        <trianglepickorigin>0,0,0</trianglepickorigin>
        <orientation>
          <row0>0.165092,0.550132,-0.818595</row0>
          <row1>-0.00164373,0.830137,0.557556</row1>
          <row2>0.986276,-0.0907028,0.137953</row2>
        </orientation>
      </transform>
      <snapped>true</snapped>
      <symmetric>17</symmetric>
      <isasymmetric>false</isasymmetric>
    </blockref>
    <blockref>
      <blockid>0x40626000, 0x33fccc91</blockid>
      <transform>
        <limbtype>0</limbtype>
        <musclescale>0.125</musclescale>
        <basemusclescale>0.550000</basemusclescale>
        <scale>1</scale>
        <position>-0.0851612,-0.328541,0.674076</position>
        <triangledirection>0.0303908,-0.895851,0.443313</triangledirection>
        <trianglepickorigin>0,0,0</trianglepickorigin>
        <orientation>
          <row0>-0.995048,0.0148715,0.0982670</row0>
          <row1>0.0303908,-0.895851,0.443313</row1>
          <row2>0.0946254,0.444105,0.890963</row2>
        </orientation>
      </transform>
      <snapped>true</snapped>
      <childlist count="1">
        <childid>22</childid>
      </childlist>
      <symmetric>26</symmetric>
      <handles count="1">
        <weight channel="0xf320ba37">0.0390973</weight>
      </handles>
      <isasymmetric>false</isasymmetric>
    </blockref>
    <blockref>
      <blockid>0x40626000, 0x33fccc91</blockid>
      <transform>
        <limbtype>0</limbtype>
        <musclescale>0</musclescale>
        <basemusclescale>0.598320</basemusclescale>
        <scale>1</scale>
        <position>0.0897480,-0.193337,0.607169</position>
        <triangledirection>-0.442888,0.539683,0.715955</triangledirection>
        <trianglepickorigin>0,0,0</trianglepickorigin>
        <orientation>
          <row0>0.891078,0.176649,0.418060</row0>
          <row1>-0.442888,0.539683,0.715955</row1>
          <row2>-0.0991472,-0.823126,0.559135</row2>
        </orientation>
      </transform>
      <snapped>true</snapped>
      <childlist count="2">
        <childid>65</childid>
        <childid>21</childid>
      </childlist>
      <symmetric>22</symmetric>
      <handles count="1">
        <weight channel="0xf320ba37">0.0443784</weight>
      </handles>
      <isasymmetric>false</isasymmetric>
    </blockref>
    <blockref>
      <blockid>0x40626000, 0xa077208c</blockid>
      <transform>
        <basemusclescale>1.090170</basemusclescale>
        <scale>1</scale>
        <position>0.163525,-0.283237,0.487904</position>
        <triangledirection>-0.442888,0.539683,0.715955</triangledirection>
        <trianglepickorigin>0,0,0</trianglepickorigin>
        <orientation>
          <row0>0.391345,0.834821,-0.387198</row0>
          <row1>-0.442888,0.539683,0.715955</row1>
          <row2>0.806659,-0.108700,0.580934</row2>
        </orientation>
      </transform>
      <snapped>true</snapped>
      <symmetric>23</symmetric>
      <isasymmetric>false</isasymmetric>
    </blockref>
    <blockref>
      <blockid>0x40626000, 0x33fccc91</blockid>
      <transform>
        <limbtype>0</limbtype>
        <musclescale>0</musclescale>
        <basemusclescale>0.598320</basemusclescale>
        <scale>1</scale>
        <position>-0.0897480,-0.193337,0.607169</position>
        <triangledirection>0.442888,0.539683,0.715955</triangledirection>
        <trianglepickorigin>0,0,0</trianglepickorigin>
        <orientation>
          <row0>0.891078,-0.176649,-0.418060</row0>
          <row1>0.442888,0.539683,0.715955</row1>
          <row2>0.0991472,-0.823126,0.559135</row2>
        </orientation>
      </transform>
      <snapped>true</snapped>
      <childlist count="2">
        <childid>64</childid>
        <childid>23</childid>
      </childlist>
      <symmetric>20</symmetric>
      <handles count="1">
        <weight channel="0xf320ba37">0.0443784</weight>
      </handles>
      <isasymmetric>false</isasymmetric>
    </blockref>
    <blockref>
      <blockid>0x40626000, 0xa077208c</blockid>
      <transform>
        <basemusclescale>1.090170</basemusclescale>
        <scale>1</scale>
        <position>-0.163525,-0.283237,0.487904</position>
        <triangledirection>0.442888,0.539683,0.715955</triangledirection>
        <trianglepickorigin>0,0,0</trianglepickorigin>
        <orientation>
          <row0>0.391345,-0.834821,0.387198</row0>
          <row1>0.442888,0.539683,0.715955</row1>
          <row2>-0.806659,-0.108700,0.580934</row2>
        </orientation>
      </transform>
      <snapped>true</snapped>
      <symmetric>21</symmetric>
      <isasymmetric>false</isasymmetric>
    </blockref>
    <blockref>
      <blockid>0x40626000, 0xdec3c22a</blockid>
      <transform>
        <limbtype>0</limbtype>
        <musclescale>0.824997</musclescale>
        <basemusclescale>0.900000</basemusclescale>
        <scale>1</scale>
        <position>-0.0713182,-0.222827,0.798250</position>
        <triangledirection>0.0845801,0.645919,0.758705</triangledirection>
        <trianglepickorigin>0,0,0</trianglepickorigin>
        <orientation>
          <row0>-0.995049,0.0148715,0.0982668</row0>
          <row1>0.0845801,0.645919,0.758705</row1>
          <row2>-0.0521893,0.763260,-0.643979</row2>
        </orientation>
      </transform>
      <snapped>false</snapped>
      <childlist count="1">
        <childid>19</childid>
      </childlist>
      <symmetric>25</symmetric>
      <handles count="1">
        <weight channel="0xf320ba37">0.0450055</weight>
      </handles>
      <isasymmetric>false</isasymmetric>
    </blockref>
    <blockref>
      <blockid>0x40626000, 0xdec3c22a</blockid>
      <transform>
        <limbtype>0</limbtype>
        <musclescale>0.824997</musclescale>
        <basemusclescale>0.900000</basemusclescale>
        <scale>1</scale>
        <position>0.0713182,-0.222827,0.798250</position>
        <triangledirection>-0.0845801,0.645919,0.758705</triangledirection>
        <trianglepickorigin>0,0,0</trianglepickorigin>
        <orientation>
          <row0>-0.995049,-0.0148715,-0.0982668</row0>
          <row1>-0.0845801,0.645919,0.758705</row1>
          <row2>0.0521893,0.763260,-0.643979</row2>
        </orientation>
      </transform>
      <snapped>false</snapped>
      <childlist count="1">
        <childid>26</childid>
      </childlist>
      <symmetric>24</symmetric>
      <handles count="1">
        <weight channel="0xf320ba37">0.0450055</weight>
      </handles>
      <isasymmetric>false</isasymmetric>
    </blockref>
    <blockref>
      <blockid>0x40626000, 0x33fccc91</blockid>
      <transform>
        <limbtype>0</limbtype>
        <musclescale>0.125</musclescale>
        <basemusclescale>0.550000</basemusclescale>
        <scale>1</scale>
        <position>0.0851612,-0.328541,0.674076</position>
        <triangledirection>-0.0303908,-0.895851,0.443313</triangledirection>
        <trianglepickorigin>0,0,0</trianglepickorigin>
        <orientation>
          <row0>-0.995048,-0.0148715,-0.0982670</row0>
          <row1>-0.0303908,-0.895851,0.443313</row1>
          <row2>-0.0946254,0.444105,0.890963</row2>
        </orientation>
      </transform>
      <snapped>true</snapped>
      <childlist count="1">
        <childid>20</childid>
      </childlist>
      <symmetric>19</symmetric>
      <handles count="1">
        <weight channel="0xf320ba37">0.0390973</weight>
      </handles>
      <isasymmetric>false</isasymmetric>
    </blockref>
    <blockref>
      <blockid>0x40626000, 0x245b71f9</blockid>
      <transform>
        <scale>1.678380</scale>
        <position>0,-0.105106,1.873615</position>
        <triangledirection>0,0.648324,0.761360</triangledirection>
        <trianglepickorigin>0,0,0</trianglepickorigin>
        <orientation>
          <row0>1.000000,0,0</row0>
          <row1>0,0.223263,-0.974758</row1>
          <row2>0,0.974758,0.223263</row2>
        </orientation>
        <userorientation>
          <userorientation_row0>1,0,0</userorientation_row0>
          <userorientation_row1>0,-0.597396,0.801942</userorientation_row1>
          <userorientation_row2>0,-0.801943,-0.597396</userorientation_row2>
        </userorientation>
      </transform>
      <snapped>false</snapped>
      <handles count="2">
        <weight channel="0x2e6521f4">0</weight>
        <weight channel="0xd02751de">0.501096</weight>
      </handles>
      <isasymmetric>false</isasymmetric>
    </blockref>
    <blockref>
      <blockid>0x40626000, 0x245b71f9</blockid>
      <transform>
        <scale>1.678380</scale>
        <position>0,-0.102358,1.870480</position>
        <triangledirection>-0.541305,0.355732,0.761867</triangledirection>
        <trianglepickorigin>0,0,0</trianglepickorigin>
        <orientation>
          <row0>1,0,0</row0>
          <row1>0,0.206230,-0.978503</row1>
          <row2>0,0.978503,0.206230</row2>
        </orientation>
        <userorientation>
          <userorientation_row0>0.788571,-0.197297,0.582431</userorientation_row0>
          <userorientation_row1>-0.541305,-0.672127,0.505204</userorientation_row1>
          <userorientation_row2>0.291791,-0.713665,-0.636816</userorientation_row2>
        </userorientation>
      </transform>
      <snapped>false</snapped>
      <symmetric>29</symmetric>
      <handles count="2">
        <weight channel="0x2e6521f4">0</weight>
        <weight channel="0xd02751de">0.501096</weight>
      </handles>
      <isasymmetric>false</isasymmetric>
    </blockref>
    <blockref>
      <blockid>0x40626000, 0x245b71f9</blockid>
      <transform>
        <scale>1.678380</scale>
        <position>0,-0.102358,1.870480</position>
        <triangledirection>0.541305,0.355732,0.761867</triangledirection>
        <trianglepickorigin>0,0,0</trianglepickorigin>
        <orientation>
          <row0>1,0,0</row0>
          <row1>0,0.206230,-0.978503</row1>
          <row2>0,0.978503,0.206230</row2>
        </orientation>
        <userorientation>
          <userorientation_row0>0.788571,0.197297,-0.582431</userorientation_row0>
          <userorientation_row1>0.541305,-0.672127,0.505204</userorientation_row1>
          <userorientation_row2>-0.291791,-0.713665,-0.636816</userorientation_row2>
        </userorientation>
      </transform>
      <snapped>false</snapped>
      <symmetric>28</symmetric>
      <handles count="2">
        <weight channel="0x2e6521f4">0</weight>
        <weight channel="0xd02751de">0.501096</weight>
      </handles>
      <isasymmetric>false</isasymmetric>
    </blockref>
    <blockref>
      <blockid>0x40626000, 0x245b71f9</blockid>
      <transform>
        <scale>1.678380</scale>
        <position>0,-0.0875287,1.868855</position>
        <triangledirection>-0.749704,-0.259303,0.608852</triangledirection>
        <trianglepickorigin>0,0,0</trianglepickorigin>
        <orientation>
          <row0>1.000000,0,0</row0>
          <row1>0,0.0759365,-0.997112</row1>
          <row2>0,0.997112,0.0759365</row2>
        </orientation>
        <userorientation>
          <userorientation_row0>8.94067e-8,-0.320838,0.947134</userorientation_row0>
          <userorientation_row1>-0.749705,-0.626784,-0.212321</userorientation_row1>
          <userorientation_row2>0.661772,-0.710069,-0.240532</userorientation_row2>
        </userorientation>
      </transform>
      <snapped>false</snapped>
      <symmetric>31</symmetric>
      <handles count="2">
        <weight channel="0x2e6521f4">0</weight>
        <weight channel="0xd02751de">0.501096</weight>
      </handles>
      <isasymmetric>false</isasymmetric>
    </blockref>
    <blockref>
      <blockid>0x40626000, 0x245b71f9</blockid>
      <transform>
        <scale>1.678380</scale>
        <position>0,-0.0875287,1.868855</position>
        <triangledirection>0.749704,-0.259303,0.608852</triangledirection>
        <trianglepickorigin>0,0,0</trianglepickorigin>
        <orientation>
          <row0>1.000000,0,0</row0>
          <row1>0,0.0759365,-0.997112</row1>
          <row2>0,0.997112,0.0759365</row2>
        </orientation>
        <userorientation>
          <userorientation_row0>7.45058e-8,0.320838,-0.947134</userorientation_row0>
          <userorientation_row1>0.749705,-0.626784,-0.212321</userorientation_row1>
          <userorientation_row2>-0.661772,-0.710069,-0.240532</userorientation_row2>
        </userorientation>
      </transform>
      <snapped>false</snapped>
      <symmetric>30</symmetric>
      <handles count="2">
        <weight channel="0x2e6521f4">0</weight>
        <weight channel="0xd02751de">0.501096</weight>
      </handles>
      <isasymmetric>false</isasymmetric>
    </blockref>
    <blockref>
      <blockid>0x40626000, 0x245b71f9</blockid>
      <transform>
        <scale>1.678380</scale>
        <position>0,-0.0800722,1.873594</position>
        <triangledirection>0.313953,-0.762165,0.566154</triangledirection>
        <trianglepickorigin>0,0,0</trianglepickorigin>
        <orientation>
          <row0>1,0,0</row0>
          <row1>0,0.00666731,-0.999977</row1>
          <row2>0,0.999977,0.00666731</row2>
        </orientation>
        <userorientation>
          <userorientation_row0>-0.862466,0.162380,-0.479355</userorientation_row0>
          <userorientation_row1>0.313953,-0.571223,-0.758373</userorientation_row1>
          <userorientation_row2>-0.396965,-0.804570,0.441681</userorientation_row2>
        </userorientation>
      </transform>
      <snapped>false</snapped>
      <symmetric>33</symmetric>
      <handles count="2">
        <weight channel="0x2e6521f4">0</weight>
        <weight channel="0xd02751de">0.501096</weight>
      </handles>
      <isasymmetric>false</isasymmetric>
    </blockref>
    <blockref>
      <blockid>0x40626000, 0x245b71f9</blockid>
      <transform>
        <scale>1.678380</scale>
        <position>0,-0.0800722,1.873594</position>
        <triangledirection>-0.313953,-0.762165,0.566154</triangledirection>
        <trianglepickorigin>0,0,0</trianglepickorigin>
        <orientation>
          <row0>1,0,0</row0>
          <row1>0,0.00666731,-0.999977</row1>
          <row2>0,0.999977,0.00666731</row2>
        </orientation>
        <userorientation>
          <userorientation_row0>-0.862466,-0.162380,0.479355</userorientation_row0>
          <userorientation_row1>-0.313953,-0.571223,-0.758373</userorientation_row1>
          <userorientation_row2>0.396965,-0.804570,0.441681</userorientation_row2>
        </userorientation>
      </transform>
      <snapped>false</snapped>
      <symmetric>32</symmetric>
      <handles count="2">
        <weight channel="0x2e6521f4">0</weight>
        <weight channel="0xd02751de">0.501096</weight>
      </handles>
      <isasymmetric>false</isasymmetric>
    </blockref>
    <blockref>
      <blockid>0x40626000, 0x245b71f9</blockid>
      <transform>
        <scale>1.153532</scale>
        <position>0,-0.0790171,1.877588</position>
        <triangledirection>-0.681136,0.675467,0.282477</triangledirection>
        <trianglepickorigin>0,0,0</trianglepickorigin>
        <orientation>
          <row0>1,0,0</row0>
          <row1>0,-1.19209e-7,-1</row1>
          <row2>0,1,-1.19209e-7</row2>
        </orientation>
        <userorientation>
          <userorientation_row0>0.715626,-0.0619476,0.695729</userorientation_row0>
          <userorientation_row1>-0.681136,-0.282478,0.675467</userorientation_row1>
          <userorientation_row2>0.154685,-0.957269,-0.244342</userorientation_row2>
        </userorientation>
      </transform>
      <snapped>false</snapped>
      <symmetric>35</symmetric>
      <handles count="2">
        <weight channel="0x2e6521f4">0</weight>
        <weight channel="0xd02751de">0.501096</weight>
      </handles>
      <isasymmetric>false</isasymmetric>
    </blockref>
    <blockref>
      <blockid>0x40626000, 0x245b71f9</blockid>
      <transform>
        <scale>1.153532</scale>
        <position>0,-0.0790171,1.877588</position>
        <triangledirection>0.681136,0.675467,0.282477</triangledirection>
        <trianglepickorigin>0,0,0</trianglepickorigin>
        <orientation>
          <row0>1,0,0</row0>
          <row1>0,-1.19209e-7,-1</row1>
          <row2>0,1,-1.19209e-7</row2>
        </orientation>
        <userorientation>
          <userorientation_row0>0.715626,0.0619476,-0.695729</userorientation_row0>
          <userorientation_row1>0.681136,-0.282478,0.675467</userorientation_row1>
          <userorientation_row2>-0.154685,-0.957269,-0.244342</userorientation_row2>
        </userorientation>
      </transform>
      <snapped>false</snapped>
      <symmetric>34</symmetric>
      <handles count="2">
        <weight channel="0x2e6521f4">0</weight>
        <weight channel="0xd02751de">0.501096</weight>
      </handles>
      <isasymmetric>false</isasymmetric>
    </blockref>
    <blockref>
      <blockid>0x40626000, 0x245b71f9</blockid>
      <transform>
        <scale>1.153532</scale>
        <position>0.0490900,-0.0804331,1.864299</position>
        <triangledirection>-0.683874,0.341772,0.644595</triangledirection>
        <trianglepickorigin>0,0,0</trianglepickorigin>
        <orientation>
          <row0>0.0221184,0.999755,7.45058e-8</row0>
          <row1>-0.430532,0.00952511,-0.902524</row1>
          <row2>-0.902304,0.0199624,0.430637</row2>
        </orientation>
        <userorientation>
          <userorientation_row0>0.944757,0.126459,-0.302392</userorientation_row0>
          <userorientation_row1>0.326563,-0.284078,0.901472</userorientation_row1>
          <userorientation_row2>0.0280968,-0.950424,-0.309682</userorientation_row2>
        </userorientation>
      </transform>
      <snapped>false</snapped>
      <symmetric>37</symmetric>
      <handles count="2">
        <weight channel="0x2e6521f4">0</weight>
        <weight channel="0xd02751de">0.501096</weight>
      </handles>
      <isasymmetric>false</isasymmetric>
    </blockref>
    <blockref>
      <blockid>0x40626000, 0x245b71f9</blockid>
      <transform>
        <scale>1.153532</scale>
        <position>-0.0490900,-0.0804331,1.864299</position>
        <triangledirection>0.683874,0.341772,0.644595</triangledirection>
        <trianglepickorigin>0,0,0</trianglepickorigin>
        <orientation>
          <row0>0.0221184,-0.999755,-7.45058e-8</row0>
          <row1>0.430532,0.00952511,-0.902524</row1>
          <row2>0.902304,0.0199624,0.430637</row2>
        </orientation>
        <userorientation>
          <userorientation_row0>0.944757,-0.126459,0.302392</userorientation_row0>
          <userorientation_row1>-0.326563,-0.284078,0.901472</userorientation_row1>
          <userorientation_row2>-0.0280968,-0.950424,-0.309682</userorientation_row2>
        </userorientation>
      </transform>
      <snapped>false</snapped>
      <symmetric>36</symmetric>
      <handles count="2">
        <weight channel="0x2e6521f4">0</weight>
        <weight channel="0xd02751de">0.501096</weight>
      </handles>
      <isasymmetric>false</isasymmetric>
    </blockref>
    <blockref>
      <blockid>0x40626000, 0x245b71f9</blockid>
      <transform>
        <scale>1.153532</scale>
        <position>0.0504848,-0.0559364,1.861442</position>
        <triangledirection>-0.624324,-0.288787,0.725823</triangledirection>
        <trianglepickorigin>0,0,0</trianglepickorigin>
        <orientation>
          <row0>-0.419822,0.907606,1.49011e-7</row0>
          <row1>-0.440659,-0.203831,-0.874226</row1>
          <row2>-0.793453,-0.367019,0.485518</row2>
        </orientation>
        <userorientation>
          <userorientation_row0>1,0,0</userorientation_row0>
          <userorientation_row1>0,-0.300556,0.953764</userorientation_row1>
          <userorientation_row2>0,-0.953764,-0.300556</userorientation_row2>
        </userorientation>
      </transform>
      <snapped>false</snapped>
      <symmetric>39</symmetric>
      <handles count="2">
        <weight channel="0x2e6521f4">0</weight>
        <weight channel="0xd02751de">0.501096</weight>
      </handles>
      <isasymmetric>false</isasymmetric>
    </blockref>
    <blockref>
      <blockid>0x40626000, 0x245b71f9</blockid>
      <transform>
        <scale>1.153532</scale>
        <position>-0.0504848,-0.0559364,1.861442</position>
        <triangledirection>0.624324,-0.288787,0.725823</triangledirection>
        <trianglepickorigin>0,0,0</trianglepickorigin>
        <orientation>
          <row0>-0.419822,-0.907606,-1.49011e-7</row0>
          <row1>0.440659,-0.203831,-0.874226</row1>
          <row2>0.793453,-0.367019,0.485518</row2>
        </orientation>
        <userorientation>
          <userorientation_row0>1,0,0</userorientation_row0>
          <userorientation_row1>0,-0.300556,0.953764</userorientation_row1>
          <userorientation_row2>0,-0.953764,-0.300556</userorientation_row2>
        </userorientation>
      </transform>
      <snapped>false</snapped>
      <symmetric>38</symmetric>
      <handles count="2">
        <weight channel="0x2e6521f4">0</weight>
        <weight channel="0xd02751de">0.501096</weight>
      </handles>
      <isasymmetric>false</isasymmetric>
    </blockref>
    <blockref>
      <blockid>0x40626000, 0x245b71fb</blockid>
      <transform>
        <scale>1</scale>
        <position>0.114309,-0.0668332,1.784811</position>
        <triangledirection>-0.992731,-0.109091,0.0508169</triangledirection>
        <trianglepickorigin>0,0,0</trianglepickorigin>
        <orientation>
          <row0>-0.112483,0.993653,1.62050e-7</row0>
          <row1>-0.960356,-0.108714,-0.256704</row1>
          <row2>-0.255074,-0.0288750,0.966490</row2>
        </orientation>
        <userorientation>
          <userorientation_row0>0.999992,-0.00343117,1.86262e-9</userorientation_row0>
          <userorientation_row1>0.00326714,0.952191,0.305485</userorientation_row1>
          <userorientation_row2>-0.00104816,-0.305483,0.952196</userorientation_row2>
        </userorientation>
      </transform>
      <snapped>false</snapped>
      <symmetric>41</symmetric>
      <handles count="2">
        <weight channel="0xd02751de">0.888896</weight>
        <weight channel="0x2e6521f4">0.269816</weight>
      </handles>
      <isasymmetric>false</isasymmetric>
    </blockref>
    <blockref>
      <blockid>0x40626000, 0xdf56418d</blockid>
      <transform>
        <scale>1</scale>
        <position>-0.114309,-0.0668332,1.784811</position>
        <triangledirection>0.992731,-0.109091,0.0508169</triangledirection>
        <trianglepickorigin>0,0,0</trianglepickorigin>
        <orientation>
          <row0>-0.112483,-0.993653,-1.62050e-7</row0>
          <row1>0.960356,-0.108714,-0.256704</row1>
          <row2>0.255074,-0.0288750,0.966490</row2>
        </orientation>
        <userorientation>
          <userorientation_row0>0.999992,0.00343117,-1.74622e-9</userorientation_row0>
          <userorientation_row1>-0.00326714,0.952191,0.305485</userorientation_row1>
          <userorientation_row2>0.00104816,-0.305483,0.952196</userorientation_row2>
        </userorientation>
      </transform>
      <snapped>false</snapped>
      <symmetric>40</symmetric>
      <handles count="2">
        <weight channel="0xd02751de">0.888896</weight>
        <weight channel="0x2e6521f4">0.269816</weight>
      </handles>
      <isasymmetric>false</isasymmetric>
    </blockref>
    <blockref>
      <blockid>0x40626000, 0x245b71fa</blockid>
      <transform>
        <scale>1</scale>
        <position>-0.115043,-0.0498008,1.761564</position>
        <triangledirection>0.997788,0.0376927,0.0547143</triangledirection>
        <trianglepickorigin>0,0,0</trianglepickorigin>
        <orientation>
          <row0>-0.259799,-0.965662,-1.34110e-7</row0>
          <row1>0.952445,-0.256243,-0.164885</row1>
          <row2>0.159223,-0.0428371,0.986312</row2>
        </orientation>
        <userorientation>
          <userorientation_row0>0.914546,0.339901,-0.219253</userorientation_row0>
          <userorientation_row1>-0.295623,0.931658,0.211222</userorientation_row1>
          <userorientation_row2>0.276065,-0.128356,0.952529</userorientation_row2>
        </userorientation>
      </transform>
      <snapped>false</snapped>
      <symmetric>43</symmetric>
      <handles count="2">
        <weight channel="0x2e6521f4">1</weight>
        <weight channel="0xd02751de">1</weight>
      </handles>
      <isasymmetric>true</isasymmetric>
    </blockref>
    <blockref>
      <blockid>0x40626000, 0x245b71fa</blockid>
      <transform>
        <scale>1</scale>
        <position>0.116144,-0.0600867,1.771415</position>
        <triangledirection>-0.997211,-0.0643705,0.0377351</triangledirection>
        <trianglepickorigin>0,0,0</trianglepickorigin>
        <orientation>
          <row0>-0.171033,0.985265,4.06056e-7</row0>
          <row1>-0.964983,-0.167512,-0.201857</row1>
          <row2>-0.198882,-0.0345246,0.979414</row2>
        </orientation>
        <userorientation>
