<?xml version="1.0" encoding="UTF-8"?><sporemodel>
  <formatversion>18</formatversion>
  <properties>
    <modeltype>0x9ea3031a</modeltype>
    <skineffect1>0x8c7aa8c3</skineffect1>
    <skineffect2>0x642258d5</skineffect2>
    <skineffect3>0xdd5391a5</skineffect3>
    <skineffectseed1>1234</skineffectseed1>
    <skineffectseed2>1234</skineffectseed2>
    <skineffectseed3>4693</skineffectseed3>
    <skincolor1>0.243137,0.345098,0.576470</skincolor1>
    <skincolor2>0.623529,0.803921,0.368627</skincolor2>
    <skincolor3>1,1,1</skincolor3>
    <zcorpscore>0</zcorpscore>
  </properties>
  <blocks count="37">
    <blockref>
      <blockid>0x40626000, 0xd05c53a3</blockid>
      <transform>
        <scale>1.121987</scale>
        <position>0,-0.287479,0.690281</position>
        <triangledirection>0,0.957127,-0.289666</triangledirection>
        <trianglepickorigin>0,0,0</trianglepickorigin>
        <orientation>
          <row0>1,0,0</row0>
          <row1>0,0.957127,-0.289666</row1>
          <row2>0,0.289666,0.957127</row2>
        </orientation>
      </transform>
      <snapped>false</snapped>
      <childlist count="1">
        <childid>1</childid>
      </childlist>
      <isasymmetric>false</isasymmetric>
    </blockref>
    <blockref>
      <blockid>0x40626000, 0xd05c53a3</blockid>
      <transform>
        <scale>1.096005</scale>
        <position>0,-0.178656,0.661741</position>
        <triangledirection>0,0.976081,-0.217406</triangledirection>
        <trianglepickorigin>0,0,0</trianglepickorigin>
        <orientation>
          <row0>1,0,0</row0>
          <row1>0,0.976081,-0.217406</row1>
          <row2>0,0.217406,0.976081</row2>
        </orientation>
      </transform>
      <snapped>false</snapped>
      <childlist count="1">
        <childid>2</childid>
      </childlist>
      <isasymmetric>false</isasymmetric>
    </blockref>
    <blockref>
      <blockid>0x40626000, 0xd05c53a3</blockid>
      <transform>
        <scale>1.092934</scale>
        <position>0,-0.0676967,0.642252</position>
        <triangledirection>0,0.991745,-0.128222</triangledirection>
        <trianglepickorigin>0,0,0</trianglepickorigin>
        <orientation>
          <row0>1.000000,0,0</row0>
          <row1>0,0.991745,-0.128222</row1>
          <row2>0,0.128222,0.991745</row2>
        </orientation>
      </transform>
      <snapped>false</snapped>
      <childlist count="1">
        <childid>3</childid>
      </childlist>
      <isasymmetric>false</isasymmetric>
    </blockref>
    <blockref>
      <blockid>0x40626000, 0xd05c53a3</blockid>
      <transform>
        <scale>1.055123</scale>
        <position>0,0.0426789,0.626933</position>
        <triangledirection>0,0.989179,-0.146707</triangledirection>
        <trianglepickorigin>0,0,0</trianglepickorigin>
        <orientation>
          <row0>1,0,0</row0>
          <row1>0,0.989179,-0.146707</row1>
          <row2>0,0.146707,0.989179</row2>
        </orientation>
      </transform>
      <snapped>false</snapped>
      <childlist count="3">
        <childid>34</childid>
        <childid>31</childid>
        <childid>4</childid>
      </childlist>
      <isasymmetric>false</isasymmetric>
    </blockref>
    <blockref>
      <blockid>0x40626000, 0xd05c53a3</blockid>
      <transform>
        <scale>0.903062</scale>
        <position>0,0.155596,0.618898</position>
        <triangledirection>0,0.999986,0.00516202</triangledirection>
        <trianglepickorigin>0,0,0</trianglepickorigin>
        <orientation>
          <row0>1.000000,0,0</row0>
          <row1>0,0.999986,0.00516202</row1>
          <row2>0,-0.00516202,0.999986</row2>
        </orientation>
      </transform>
      <snapped>false</snapped>
      <childlist count="1">
        <childid>5</childid>
      </childlist>
      <isasymmetric>false</isasymmetric>
    </blockref>
    <blockref>
      <blockid>0x40626000, 0xd05c53a3</blockid>
      <transform>
        <scale>0.720539</scale>
        <position>0,0.268437,0.628306</position>
        <triangledirection>0,0.987035,0.160501</triangledirection>
        <trianglepickorigin>0,0,0</trianglepickorigin>
        <orientation>
          <row0>1,0,0</row0>
          <row1>0,0.987035,0.160501</row1>
          <row2>0,-0.160501,0.987035</row2>
        </orientation>
      </transform>
      <snapped>false</snapped>
      <childlist count="1">
        <childid>6</childid>
      </childlist>
      <isasymmetric>false</isasymmetric>
    </blockref>
    <blockref>
      <blockid>0x40626000, 0xd05c53a3</blockid>
      <transform>
        <scale>0.673059</scale>
        <position>0,0.378248,0.656820</position>
        <triangledirection>0,0.940426,0.339996</triangledirection>
        <trianglepickorigin>0,0,0</trianglepickorigin>
        <orientation>
          <row0>1,0,0</row0>
          <row1>0,0.940426,0.339996</row1>
          <row2>0,-0.339996,0.940426</row2>
        </orientation>
      </transform>
      <snapped>false</snapped>
      <childlist count="2">
        <childid>23</childid>
        <childid>7</childid>
      </childlist>
      <isasymmetric>false</isasymmetric>
    </blockref>
    <blockref>
      <blockid>0x40626000, 0xd05c53a3</blockid>
      <transform>
        <scale>0.684675</scale>
        <position>0,0.483395,0.680897</position>
        <triangledirection>0,0.994670,0.103105</triangledirection>
        <trianglepickorigin>0,0,0</trianglepickorigin>
        <orientation>
          <row0>1,0,0</row0>
          <row1>0,0.994670,0.103105</row1>
          <row2>0,-0.103105,0.994670</row2>
        </orientation>
      </transform>
      <snapped>false</snapped>
      <childlist count="1">
        <childid>9</childid>
      </childlist>
      <isasymmetric>false</isasymmetric>
    </blockref>
    <blockref>
      <blockid>0x40626000, 0xd05c53a3</blockid>
      <transform>
        <scale>1.200832</scale>
        <position>0,-0.394373,0.722435</position>
        <triangledirection>0,0.958100,-0.286431</triangledirection>
        <trianglepickorigin>0,0,0</trianglepickorigin>
        <orientation>
          <row0>1,0,0</row0>
          <row1>0,0.958100,-0.286431</row1>
          <row2>0,0.286431,0.958100</row2>
        </orientation>
      </transform>
      <snapped>false</snapped>
      <childlist count="4">
        <childid>27</childid>
        <childid>25</childid>
        <childid>17</childid>
        <childid>0</childid>
      </childlist>
      <isasymmetric>false</isasymmetric>
    </blockref>
    <blockref>
      <blockid>0x40626000, 0xd05c53a3</blockid>
      <transform>
        <scale>0.605379</scale>
        <position>0,0.585659,0.667767</position>
        <triangledirection>0,0.936349,-0.351069</triangledirection>
        <trianglepickorigin>0,0,0</trianglepickorigin>
        <orientation>
          <row0>1.000000,0,0</row0>
          <row1>0,0.936349,-0.351069</row1>
          <row2>0,0.351069,0.936349</row2>
        </orientation>
      </transform>
      <snapped>false</snapped>
      <childlist count="1">
        <childid>10</childid>
      </childlist>
      <isasymmetric>false</isasymmetric>
    </blockref>
    <blockref>
      <blockid>0x40626000, 0xd05c53a3</blockid>
      <transform>
        <scale>0.550008</scale>
        <position>0,0.672111,0.610887</position>
        <triangledirection>0,0.693037,-0.720901</triangledirection>
        <trianglepickorigin>0,0,0</trianglepickorigin>
        <orientation>
          <row0>1,0,0</row0>
          <row1>0,0.693037,-0.720901</row1>
          <row2>0,0.720901,0.693037</row2>
        </orientation>
      </transform>
      <snapped>false</snapped>
      <childlist count="1">
        <childid>11</childid>
      </childlist>
      <isasymmetric>false</isasymmetric>
    </blockref>
    <blockref>
      <blockid>0x40626000, 0xd05c53a3</blockid>
      <transform>
        <scale>0.480696</scale>
        <position>0,0.759732,0.538394</position>
        <triangledirection>0,0.837935,-0.545769</triangledirection>
        <trianglepickorigin>0,0,0</trianglepickorigin>
        <orientation>
          <row0>1,0,0</row0>
          <row1>0,0.837935,-0.545769</row1>
          <row2>0,0.545769,0.837935</row2>
        </orientation>
      </transform>
      <snapped>false</snapped>
      <childlist count="1">
        <childid>12</childid>
      </childlist>
      <isasymmetric>false</isasymmetric>
    </blockref>
    <blockref>
      <blockid>0x40626000, 0xd05c53a3</blockid>
      <transform>
        <scale>0.432626</scale>
        <position>0,0.868893,0.505368</position>
        <triangledirection>0,0.999947,-0.0102887</triangledirection>
        <trianglepickorigin>0,0,0</trianglepickorigin>
        <orientation>
          <row0>1,0,0</row0>
          <row1>0,0.999947,-0.0102887</row1>
          <row2>0,0.0102887,0.999947</row2>
        </orientation>
      </transform>
      <snapped>false</snapped>
      <childlist count="1">
        <childid>13</childid>
      </childlist>
      <isasymmetric>false</isasymmetric>
    </blockref>
    <blockref>
      <blockid>0x40626000, 0xd05c53a3</blockid>
      <transform>
        <scale>0.389363</scale>
        <position>0,0.981996,0.518060</position>
        <triangledirection>0,0.972800,0.231643</triangledirection>
        <trianglepickorigin>0,0,0</trianglepickorigin>
        <orientation>
          <row0>1,0,0</row0>
          <row1>0,0.972800,0.231643</row1>
          <row2>0,-0.231643,0.972800</row2>
        </orientation>
      </transform>
      <snapped>false</snapped>
      <childlist count="1">
        <childid>14</childid>
      </childlist>
      <isasymmetric>false</isasymmetric>
    </blockref>
    <blockref>
      <blockid>0x40626000, 0xd05c53a3</blockid>
      <transform>
        <scale>0.286606</scale>
        <position>0,1.078196,0.578481</position>
        <triangledirection>0,0.631089,0.775710</triangledirection>
        <trianglepickorigin>0,0,0</trianglepickorigin>
        <orientation>
          <row0>1,0,0</row0>
          <row1>0,0.631089,0.775710</row1>
          <row2>0,-0.775710,0.631089</row2>
        </orientation>
      </transform>
      <snapped>false</snapped>
      <childlist count="1">
        <childid>15</childid>
      </childlist>
      <isasymmetric>false</isasymmetric>
    </blockref>
    <blockref>
      <blockid>0x40626000, 0xd05c53a3</blockid>
      <transform>
        <scale>0.280000</scale>
        <position>0,1.138663,0.674912</position>
        <triangledirection>0,0.423392,0.905946</triangledirection>
        <trianglepickorigin>0,0,0</trianglepickorigin>
        <orientation>
          <row0>1,0,0</row0>
          <row1>0,0.423392,0.905946</row1>
          <row2>0,-0.905946,0.423392</row2>
        </orientation>
      </transform>
      <snapped>false</snapped>
      <childlist count="1">
        <childid>16</childid>
      </childlist>
      <isasymmetric>false</isasymmetric>
    </blockref>
    <blockref>
      <blockid>0x40626000, 0xd05c53a3</blockid>
      <transform>
        <scale>0.280000</scale>
        <position>0,1.190437,0.772257</position>
        <triangledirection>0,0.514525,0.857475</triangledirection>
        <trianglepickorigin>0,0,0</trianglepickorigin>
        <orientation>
          <row0>1,0,0</row0>
          <row1>0,0.514525,0.857475</row1>
          <row2>0,-0.857475,0.514525</row2>
        </orientation>
      </transform>
      <snapped>false</snapped>
      <childlist count="1">
        <childid>24</childid>
      </childlist>
      <isasymmetric>false</isasymmetric>
    </blockref>
    <blockref>
      <blockid>0x40626000, 0x018b1d5d</blockid>
      <transform>
        <scale>1.862458</scale>
        <position>0,-0.702928,0.606599</position>
        <triangledirection>0,0.964161,0.265317</triangledirection>
        <trianglepickorigin>0,0,0</trianglepickorigin>
        <orientation>
          <row0>1.000000,0,0</row0>
          <row1>0,0.965709,-0.259624</row1>
          <row2>0,0.259624,0.965709</row2>
        </orientation>
        <userorientation>
          <userorientation_row0>1,0,0</userorientation_row0>
          <userorientation_row1>0,0.862216,0.506539</userorientation_row1>
          <userorientation_row2>0,-0.506539,0.862216</userorientation_row2>
        </userorientation>
      </transform>
      <snapped>false</snapped>
      <childlist count="5">
        <childid>22</childid>
        <childid>21</childid>
        <childid>20</childid>
        <childid>19</childid>
        <childid>18</childid>
      </childlist>
      <handles count="3">
        <weight channel="0xd02751de">0.368963</weight>
        <weight channel="0x2e6521f4">0.0831890</weight>
        <weight channel="0x7cc96c02">0.5</weight>
      </handles>
      <isasymmetric>false</isasymmetric>
    </blockref>
    <blockref>
      <blockid>0x40626000, 0xc2304c1d</blockid>
      <transform>
        <scale>1.161834</scale>
        <position>-0.154498,-0.893489,0.733812</position>
        <triangledirection>0.878862,0.462509,-0.116985</triangledirection>
        <trianglepickorigin>0,0,0</trianglepickorigin>
        <orientation>
          <row0>0.487556,-0.873091,-1.88164e-5</row0>
          <row1>0.869531,0.485566,0.0902247</row1>
          <row2>-0.0787653,-0.0440059,0.995921</row2>
        </orientation>
        <userorientation>
          <userorientation_row0>0.999681,-0.0252257,4.65661e-10</userorientation_row0>
          <userorientation_row1>0.0246842,0.978222,-0.206085</userorientation_row1>
          <userorientation_row2>0.00519865,0.206019,0.978534</userorientation_row2>
        </userorientation>
      </transform>
      <snapped>false</snapped>
      <symmetric>19</symmetric>
      <isasymmetric>false</isasymmetric>
    </blockref>
    <blockref>
      <blockid>0x40626000, 0x2ad38a4b</blockid>
      <transform>
        <scale>1.161834</scale>
        <position>0.154498,-0.893489,0.733812</position>
        <triangledirection>-0.878862,0.462509,-0.116985</triangledirection>
        <trianglepickorigin>0,0,0</trianglepickorigin>
        <orientation>
          <row0>0.487556,0.873091,1.88127e-5</row0>
          <row1>-0.869531,0.485566,0.0902247</row1>
          <row2>0.0787653,-0.0440059,0.995921</row2>
        </orientation>
        <userorientation>
          <userorientation_row0>0.999681,0.0252257,-4.65661e-10</userorientation_row0>
          <userorientation_row1>-0.0246842,0.978222,-0.206085</userorientation_row1>
          <userorientation_row2>-0.00519865,0.206019,0.978534</userorientation_row2>
        </userorientation>
      </transform>
      <snapped>false</snapped>
      <symmetric>18</symmetric>
      <isasymmetric>false</isasymmetric>
    </blockref>
    <blockref>
      <blockid>0x40626000, 0xb951475e</blockid>
      <transform>
        <scale>1.077884</scale>
        <position>-0.193190,-0.731294,0.679111</position>
        <triangledirection>0.592815,-0.581458,-0.557203</triangledirection>
        <trianglepickorigin>0,0,0</trianglepickorigin>
        <orientation>
          <row0>-5.96026e-7,-1.000000,-2.15522e-5</row0>
          <row1>0.999939,-8.32541e-7,0.0109756</row1>
          <row2>-0.0109756,-2.15444e-5,0.999939</row2>
        </orientation>
        <userorientation>
          <userorientation_row0>0.810857,-0.474408,0.342706</userorientation_row0>
          <userorientation_row1>0.581470,0.586664,-0.563663</userorientation_row1>
          <userorientation_row2>0.0663531,0.656324,0.751555</userorientation_row2>
        </userorientation>
      </transform>
      <snapped>false</snapped>
      <symmetric>21</symmetric>
      <handles count="3">
        <weight channel="0x2e6521f4">0.327448</weight>
        <weight channel="0x7cc96c02">0</weight>
        <weight channel="0xd02751de">0.299323</weight>
      </handles>
      <isasymmetric>false</isasymmetric>
    </blockref>
    <blockref>
      <blockid>0x40626000, 0x4e1ccaf8</blockid>
      <transform>
        <scale>1.077884</scale>
        <position>0.193190,-0.731294,0.679111</position>
        <triangledirection>-0.592815,-0.581458,-0.557203</triangledirection>
        <trianglepickorigin>0,0,0</trianglepickorigin>
        <orientation>
          <row0>-5.96026e-7,1.000000,2.15522e-5</row0>
          <row1>-0.999939,-8.32541e-7,0.0109756</row1>
          <row2>0.0109756,-2.15444e-5,0.999939</row2>
        </orientation>
        <userorientation>
          <userorientation_row0>0.810857,0.474408,-0.342706</userorientation_row0>
          <userorientation_row1>-0.581470,0.586664,-0.563663</userorientation_row1>
          <userorientation_row2>-0.0663531,0.656324,0.751555</userorientation_row2>
        </userorientation>
      </transform>
      <snapped>false</snapped>
      <symmetric>20</symmetric>
      <handles count="3">
        <weight channel="0x2e6521f4">0.327448</weight>
        <weight channel="0x7cc96c02">0</weight>
        <weight channel="0xd02751de">0.299323</weight>
      </handles>
      <isasymmetric>false</isasymmetric>
    </blockref>
    <blockref>
      <blockid>0x40626000, 0xa6dce28d</blockid>
      <transform>
        <scale>1.690459</scale>
        <position>0,-0.706261,0.846626</position>
        <triangledirection>0,-0.0530465,-0.998592</triangledirection>
        <trianglepickorigin>0,0,0</trianglepickorigin>
        <orientation>
          <row0>0,-0.999986,0.00528149</row0>
          <row1>0,-0.00528149,-0.999986</row1>
          <row2>1,0,0</row2>
        </orientation>
        <userorientation>
          <userorientation_row0>0.998858,-0.0477717,0</userorientation_row0>
          <userorientation_row1>0.0477717,0.998858,0</userorientation_row1>
          <userorientation_row2>0,0,1</userorientation_row2>
        </userorientation>
      </transform>
      <snapped>false</snapped>
      <handles count="3">
        <weight channel="0x2e6521f4">0.770587</weight>
        <weight channel="0x7cc96c02">1</weight>
        <weight channel="0xd02751de">1</weight>
      </handles>
      <isasymmetric>false</isasymmetric>
    </blockref>
    <blockref>
      <blockid>0x40626000, 0xa6dce28d</blockid>
      <transform>
        <scale>1.690459</scale>
        <position>0,0.358040,0.695098</position>
        <triangledirection>0,0.170030,-0.985438</triangledirection>
        <trianglepickorigin>0,0,0</trianglepickorigin>
        <orientation>
          <row0>0,-0.976190,-0.216912</row0>
          <row1>0,0.216912,-0.976190</row1>
          <row2>1,0,0</row2>
        </orientation>
        <userorientation>
          <userorientation_row0>0.998858,-0.0477717,0</userorientation_row0>
          <userorientation_row1>0.0477717,0.998858,0</userorientation_row1>
          <userorientation_row2>0,0,1</userorientation_row2>
        </userorientation>
      </transform>
      <snapped>false</snapped>
      <handles count="3">
        <weight channel="0x2e6521f4">0.602962</weight>
        <weight channel="0x7cc96c02">1</weight>
        <weight channel="0xd02751de">0.436824</weight>
      </handles>
      <isasymmetric>false</isasymmetric>
    </blockref>
    <blockref>
      <blockid>0x40626000, 0x44b1ede0</blockid>
      <transform>
        <scale>1.454991</scale>
        <position>0,1.250142,0.798580</position>
        <triangledirection>0,-0.396876,-0.917872</triangledirection>
        <trianglepickorigin>0,0,0</trianglepickorigin>
        <orientation>
          <row0>1,0,0</row0>
          <row1>0,-0.396876,-0.917872</row1>
          <row2>0,0.917872,-0.396876</row2>
        </orientation>
      </transform>
      <snapped>false</snapped>
      <handles count="2">
        <weight channel="0xd02751de">0.200669</weight>
        <weight channel="0x2e6521f4">0.0776351</weight>
      </handles>
      <isasymmetric>false</isasymmetric>
    </blockref>
    <blockref>
      <blockid>0x40626000, 0x2051ae2d</blockid>
      <transform>
        <limbtype>0</limbtype>
        <musclescale>0.125</musclescale>
        <basemusclescale>1.263749</basemusclescale>
        <scale>1</scale>
        <position>-0.263435,-0.450115,0.527134</position>
        <triangledirection>0.854717,-0.504095,0.123876</triangledirection>
        <trianglepickorigin>0,0,0</trianglepickorigin>
        <orientation>
          <row0>0.488272,0.861746,0.137782</row0>
          <row1>0.854717,-0.504095,0.123876</row1>
          <row2>0.176205,0.0572799,-0.982685</row2>
        </orientation>
      </transform>
      <snapped>false</snapped>
      <childlist count="1">
        <childid>26</childid>
      </childlist>
      <symmetric>27</symmetric>
      <handles count="1">
        <weight channel="0xf320ba37">0.0635627</weight>
      </handles>
      <isasymmetric>false</isasymmetric>
    </blockref>
    <blockref>
      <blockid>0x40626000, 0x2051ae2d</blockid>
      <transform>
        <limbtype>0</limbtype>
        <musclescale>0.350000</musclescale>
        <basemusclescale>1.149999</basemusclescale>
        <scale>1</scale>
        <position>-0.454433,-0.337468,0.499452</position>
        <triangledirection>-0.263975,-0.00464442,0.964518</triangledirection>
        <trianglepickorigin>0,0,0</trianglepickorigin>
        <orientation>
          <row0>0.488272,0.861746,0.137782</row0>
          <row1>-0.263975,-0.00464442,0.964518</row1>
          <row2>0.831809,-0.507318,0.225211</row2>
        </orientation>
      </transform>
      <snapped>true</snapped>
      <childlist count="1">
        <childid>29</childid>
      </childlist>
      <symmetric>28</symmetric>
      <handles count="1">
        <weight channel="0xf320ba37">0.121201</weight>
      </handles>
      <isasymmetric>false</isasymmetric>
    </blockref>
    <blockref>
      <blockid>0x40626000, 0x2051ae2d</blockid>
      <transform>
        <limbtype>0</limbtype>
        <musclescale>0.125</musclescale>
        <basemusclescale>1.263749</basemusclescale>
        <scale>1</scale>
        <position>0.263435,-0.450115,0.527134</position>
        <triangledirection>-0.854717,-0.504095,0.123876</triangledirection>
        <trianglepickorigin>0,0,0</trianglepickorigin>
        <orientation>
          <row0>0.488272,-0.861746,-0.137782</row0>
          <row1>-0.854717,-0.504095,0.123876</row1>
          <row2>-0.176205,0.0572799,-0.982685</row2>
        </orientation>
      </transform>
      <snapped>false</snapped>
      <childlist count="1">
        <childid>28</childid>
      </childlist>
      <symmetric>25</symmetric>
      <handles count="1">
        <weight channel="0xf320ba37">0.0635627</weight>
      </handles>
      <isasymmetric>false</isasymmetric>
    </blockref>
    <blockref>
      <blockid>0x40626000, 0x2051ae2d</blockid>
      <transform>
        <limbtype>0</limbtype>
        <musclescale>0.350000</musclescale>
        <basemusclescale>1.149999</basemusclescale>
        <scale>1</scale>
        <position>0.454433,-0.337468,0.499452</position>
        <triangledirection>0.263975,-0.00464442,0.964518</triangledirection>
        <trianglepickorigin>0,0,0</trianglepickorigin>
        <orientation>
          <row0>0.488272,-0.861746,-0.137782</row0>
          <row1>0.263975,-0.00464442,0.964518</row1>
          <row2>-0.831809,-0.507318,0.225211</row2>
        </orientation>
      </transform>
      <snapped>true</snapped>
      <childlist count="1">
        <childid>30</childid>
      </childlist>
      <symmetric>26</symmetric>
      <handles count="1">
        <weight channel="0xf320ba37">0.121201</weight>
      </handles>
      <isasymmetric>false</isasymmetric>
    </blockref>
    <blockref>
      <blockid>0x40626000, 0xecd4b2fc</blockid>
      <transform>
        <basemusclescale>1.045649</basemusclescale>
        <scale>1</scale>
        <position>-0.350331,-0.335636,0.119081</position>
        <triangledirection>0,1,0</triangledirection>
        <trianglepickorigin>0,0,0</trianglepickorigin>
        <orientation>
          <row0>1,0,0</row0>
          <row1>0,1,0</row1>
          <row2>0,0,1</row2>
        </orientation>
      </transform>
      <snapped>true</snapped>
      <symmetric>30</symmetric>
      <handles count="3">
        <weight channel="0xd02751de">1</weight>
        <weight channel="0x2e6521f4">0</weight>
        <weight channel="0x7cc96c02">0</weight>
      </handles>
      <isasymmetric>false</isasymmetric>
    </blockref>
    <blockref>
      <blockid>0x40626000, 0x7c830512</blockid>
      <transform>
        <basemusclescale>1.045649</basemusclescale>
        <scale>1</scale>
        <position>0.350331,-0.335636,0.119081</position>
        <triangledirection>0,1,0</triangledirection>
        <trianglepickorigin>0,0,0</trianglepickorigin>
        <orientation>
          <row0>1,0,0</row0>
          <row1>0,1,0</row1>
          <row2>0,0,1</row2>
        </orientation>
      </transform>
      <snapped>true</snapped>
      <symmetric>29</symmetric>
      <handles count="3">
        <weight channel="0xd02751de">1</weight>
        <weight channel="0x2e6521f4">0</weight>
        <weight channel="0x7cc96c02">0</weight>
      </handles>
      <isasymmetric>false</isasymmetric>
    </blockref>
    <blockref>
      <blockid>0x40626000, 0x2051ae2d</blockid>
      <transform>
        <limbtype>0</limbtype>
        <musclescale>0.125</musclescale>
        <basemusclescale>1.263749</basemusclescale>
        <scale>1</scale>
        <position>-0.223663,0.0909830,0.469999</position>
        <triangledirection>0.569122,-0.458380,0.682632</triangledirection>
        <trianglepickorigin>0,0,0</trianglepickorigin>
        <orientation>
          <row0>-0.357115,0.610016,0.707352</row0>
          <row1>0.569122,-0.458380,0.682632</row1>
          <row2>0.740653,0.646349,-0.183480</row2>
        </orientation>
      </transform>
      <snapped>false</snapped>
      <childlist count="1">
        <childid>32</childid>
      </childlist>
      <symmetric>34</symmetric>
      <handles count="1">
        <weight channel="0xf320ba37">0.0468460</weight>
      </handles>
      <isasymmetric>false</isasymmetric>
    </blockref>
    <blockref>
      <blockid>0x40626000, 0x2051ae2d</blockid>
      <transform>
        <limbtype>0</limbtype>
        <musclescale>0.350000</musclescale>
        <basemusclescale>1.149999</basemusclescale>
        <scale>1</scale>
        <position>-0.322632,0.170694,0.351291</position>
        <triangledirection>0.0969266,-0.728998,0.677618</triangledirection>
        <trianglepickorigin>0,0,0</trianglepickorigin>
        <orientation>
          <row0>-0.357115,0.610016,0.707352</row0>
          <row1>0.0969266,-0.728998,0.677618</row1>
          <row2>0.929017,0.310549,0.201209</row2>
        </orientation>
      </transform>
      <snapped>true</snapped>
      <childlist count="1">
        <childid>33</childid>
      </childlist>
      <symmetric>35</symmetric>
      <handles count="1">
        <weight channel="0xf320ba37">0.103772</weight>
      </handles>
      <isasymmetric>false</isasymmetric>
    </blockref>
    <blockref>
      <blockid>0x40626000, 0xecd4b2fc</blockid>
      <transform>
        <basemusclescale>1.045649</basemusclescale>
        <scale>1</scale>
        <position>-0.355848,0.420511,0.119081</position>
        <triangledirection>0,1,0</triangledirection>
        <trianglepickorigin>0,0,0</trianglepickorigin>
        <orientation>
          <row0>1,0,0</row0>
          <row1>0,1,0</row1>
          <row2>0,0,1</row2>
        </orientation>
      </transform>
      <snapped>true</snapped>
      <symmetric>36</symmetric>
      <handles count="3">
        <weight channel="0xd02751de">1</weight>
        <weight channel="0x2e6521f4">0</weight>
        <weight channel="0x7cc96c02">0</weight>
      </handles>
      <isasymmetric>false</isasymmetric>
    </blockref>
    <blockref>
      <blockid>0x40626000, 0x2051ae2d</blockid>
      <transform>
        <limbtype>0</limbtype>
        <musclescale>0.125</musclescale>
        <basemusclescale>1.263749</basemusclescale>
        <scale>1</scale>
        <position>0.223663,0.0909830,0.469999</position>
        <triangledirection>-0.569122,-0.458380,0.682632</triangledirection>
        <trianglepickorigin>0,0,0</trianglepickorigin>
        <orientation>
          <row0>-0.357115,-0.610016,-0.707352</row0>
          <row1>-0.569122,-0.458380,0.682632</row1>
          <row2>-0.740653,0.646349,-0.183480</row2>
        </orientation>
      </transform>
      <snapped>false</snapped>
      <childlist count="1">
        <childid>35</childid>
      </childlist>
      <symmetric>31</symmetric>
      <handles count="1">
        <weight channel="0xf320ba37">0.0468460</weight>
      </handles>
      <isasymmetric>false</isasymmetric>
    </blockref>
    <blockref>
      <blockid>0x40626000, 0x2051ae2d</blockid>
      <transform>
        <limbtype>0</limbtype>
        <musclescale>0.350000</musclescale>
        <basemusclescale>1.149999</basemusclescale>
        <scale>1</scale>
        <position>0.322632,0.170694,0.351291</position>
        <triangledirection>-0.0969266,-0.728998,0.677618</triangledirection>
        <trianglepickorigin>0,0,0</trianglepickorigin>
        <orientation>
          <row0>-0.357115,-0.610016,-0.707352</row0>
          <row1>-0.0969266,-0.728998,0.677618</row1>
          <row2>-0.929017,0.310549,0.201209</row2>
        </orientation>
      </transform>
      <snapped>true</snapped>
      <childlist count="1">
        <childid>36</childid>
      </childlist>
      <symmetric>32</symmetric>
      <handles count="1">
        <weight channel="0xf320ba37">0.103772</weight>
      </handles>
      <isasymmetric>false</isasymmetric>
    </blockref>
    <blockref>
      <blockid>0x40626000, 0x7c830512</blockid>
      <transform>
        <basemusclescale>1.045649</basemusclescale>
        <scale>1</scale>
        <position>0.355848,0.420511,0.119081</position>
        <triangledirection>0,1,0</triangledirection>
        <trianglepickorigin>0,0,0</trianglepickorigin>
        <orientation>
          <row0>1,0,0</row0>
          <row1>0,1,0</row1>
          <row2>0,0,1</row2>
        </orientation>
      </transform>
      <snapped>true</snapped>
      <symmetric>33</symmetric>
      <handles count="3">
        <weight channel="0xd02751de">1</weight>
        <weight channel="0x2e6521f4">0</weight>
        <weight channel="0x7cc96c02">0</weight>
      </handles>
      <isasymmetric>false</isasymmetric>
    </blockref>
  </blocks></sporemodel>