<?xml version="1.0" encoding="UTF-8"?><sporemodel>
  <formatversion>18</formatversion>
  <properties>
    <modeltype>0x9ea3031a</modeltype>
    <skineffect1>0x37c3d098</skineffect1>
    <skineffect2>0xf726d097</skineffect2>
    <skineffect3>0x0628c255</skineffect3>
    <skineffectseed1>1234</skineffectseed1>
    <skineffectseed2>1234</skineffectseed2>
    <skineffectseed3>1234</skineffectseed3>
    <skincolor1>0.803921,0.560783,0.0392155</skincolor1>
    <skincolor2>0.949019,0.905882,0.427451</skincolor2>
    <skincolor3>0.282352,0.196078,0.0156861</skincolor3>
    <zcorpscore>0</zcorpscore>
  </properties>
  <blocks count="80">
    <blockref>
      <blockid>0x40626000, 0xd05c53a3</blockid>
      <transform>
        <scale>0.622054</scale>
        <position>0,0.0573352,0.210938</position>
        <triangledirection>0,-0.926898,0.375311</triangledirection>
        <trianglepickorigin>0,0,0</trianglepickorigin>
        <orientation>
          <row0>1.000000,0,0</row0>
          <row1>0,-0.926898,0.375311</row1>
          <row2>0,-0.375311,-0.926898</row2>
        </orientation>
      </transform>
      <snapped>false</snapped>
      <childlist count="3">
        <childid>16</childid>
        <childid>14</childid>
        <childid>1</childid>
      </childlist>
      <isasymmetric>false</isasymmetric>
    </blockref>
    <blockref>
      <blockid>0x40626000, 0xd05c53a3</blockid>
      <transform>
        <scale>0.362052</scale>
        <position>0,-0.0449694,0.254533</position>
        <triangledirection>0,-0.912715,0.408596</triangledirection>
        <trianglepickorigin>0,0,0</trianglepickorigin>
        <orientation>
          <row0>1.000000,0,0</row0>
          <row1>0,-0.912715,0.408596</row1>
          <row2>0,-0.408596,-0.912715</row2>
        </orientation>
      </transform>
      <snapped>false</snapped>
      <childlist count="9">
        <childid>74</childid>
        <childid>71</childid>
        <childid>70</childid>
        <childid>69</childid>
        <childid>68</childid>
        <childid>65</childid>
        <childid>64</childid>
        <childid>63</childid>
        <childid>2</childid>
      </childlist>
      <isasymmetric>false</isasymmetric>
    </blockref>
    <blockref>
      <blockid>0x40626000, 0xd05c53a3</blockid>
      <transform>
        <scale>0.537603</scale>
        <position>0,-0.156628,0.278982</position>
        <triangledirection>0,-0.999947,0.0102093</triangledirection>
        <trianglepickorigin>0,0,0</trianglepickorigin>
        <orientation>
          <row0>1,0,0</row0>
          <row1>0,-0.999947,0.0102093</row1>
          <row2>0,-0.0102093,-0.999947</row2>
        </orientation>
      </transform>
      <snapped>false</snapped>
      <childlist count="26">
        <childid>77</childid>
        <childid>76</childid>
        <childid>75</childid>
        <childid>73</childid>
        <childid>72</childid>
        <childid>67</childid>
        <childid>66</childid>
        <childid>62</childid>
        <childid>61</childid>
        <childid>60</childid>
        <childid>59</childid>
        <childid>58</childid>
        <childid>57</childid>
        <childid>56</childid>
        <childid>55</childid>
        <childid>54</childid>
        <childid>53</childid>
        <childid>52</childid>
        <childid>51</childid>
        <childid>50</childid>
        <childid>49</childid>
        <childid>31</childid>
        <childid>30</childid>
        <childid>8</childid>
        <childid>6</childid>
        <childid>3</childid>
      </childlist>
      <isasymmetric>false</isasymmetric>
    </blockref>
    <blockref>
      <blockid>0x40626000, 0xd05c53a3</blockid>
      <transform>
        <scale>0.280000</scale>
        <position>0,-0.265868,0.246656</position>
        <triangledirection>0,-0.833364,-0.552724</triangledirection>
        <trianglepickorigin>0,0,0</trianglepickorigin>
        <orientation>
          <row0>1.000000,0,0</row0>
          <row1>0,-0.833364,-0.552724</row1>
          <row2>0,0.552724,-0.833364</row2>
        </orientation>
      </transform>
      <snapped>false</snapped>
      <childlist count="4">
        <childid>42</childid>
        <childid>41</childid>
        <childid>40</childid>
        <childid>4</childid>
      </childlist>
      <isasymmetric>false</isasymmetric>
    </blockref>
    <blockref>
      <blockid>0x40626000, 0xd05c53a3</blockid>
      <transform>
        <scale>0.380304</scale>
        <position>0,-0.361870,0.215869</position>
        <triangledirection>0,-0.999386,-0.0350328</triangledirection>
        <trianglepickorigin>0,0,0</trianglepickorigin>
        <orientation>
          <row0>1,0,0</row0>
          <row1>0,-0.999386,-0.0350328</row1>
          <row2>0,0.0350328,-0.999386</row2>
        </orientation>
      </transform>
      <snapped>false</snapped>
      <childlist count="21">
        <childid>79</childid>
        <childid>78</childid>
        <childid>48</childid>
        <childid>47</childid>
        <childid>46</childid>
        <childid>45</childid>
        <childid>44</childid>
        <childid>43</childid>
        <childid>39</childid>
        <childid>38</childid>
        <childid>37</childid>
        <childid>36</childid>
        <childid>35</childid>
        <childid>34</childid>
        <childid>33</childid>
        <childid>32</childid>
        <childid>22</childid>
        <childid>21</childid>
        <childid>20</childid>
        <childid>19</childid>
        <childid>18</childid>
      </childlist>
      <isasymmetric>false</isasymmetric>
    </blockref>
    <blockref>
      <blockid>0x40626000, 0xd05c53a3</blockid>
      <transform>
        <scale>0.573197</scale>
        <position>0,0.161539,0.182283</position>
        <triangledirection>0,-0.988473,0.151395</triangledirection>
        <trianglepickorigin>0,0,0</trianglepickorigin>
        <orientation>
          <row0>1.000000,0,0</row0>
          <row1>0,-0.988473,0.151395</row1>
          <row2>0,-0.151395,-0.988473</row2>
        </orientation>
      </transform>
      <snapped>false</snapped>
      <childlist count="4">
        <childid>29</childid>
        <childid>12</childid>
        <childid>10</childid>
        <childid>0</childid>
      </childlist>
      <isasymmetric>false</isasymmetric>
    </blockref>
    <blockref>
      <blockid>0x40626000, 0xdec3c22a</blockid>
      <transform>
        <limbtype>0</limbtype>
        <musclescale>0.499999</musclescale>
        <basemusclescale>0.550000</basemusclescale>
        <scale>1</scale>
        <position>-0.115099,-0.146543,0.372451</position>
        <triangledirection>0.320604,0.482963,0.814836</triangledirection>
        <trianglepickorigin>0,0,0</trianglepickorigin>
        <orientation>
          <row0>-0.611422,0.762543,-0.211398</row0>
          <row1>0.320604,0.482963,0.814836</row1>
          <row2>0.723446,0.430434,-0.539770</row2>
        </orientation>
      </transform>
      <snapped>false</snapped>
      <childlist count="1">
        <childid>7</childid>
      </childlist>
      <symmetric>8</symmetric>
      <handles count="1">
        <weight channel="0xf320ba37">0.0631937</weight>
      </handles>
      <isasymmetric>false</isasymmetric>
    </blockref>
    <blockref>
      <blockid>0x40626000, 0xe4f1979d</blockid>
      <transform>
        <limbtype>2</limbtype>
        <musclescale>0.5</musclescale>
        <basemusclescale>0.699998</basemusclescale>
        <scale>1</scale>
        <position>-0.184890,-0.251677,0.195073</position>
        <triangledirection>-0.559103,-0.227254,0.797344</triangledirection>
        <trianglepickorigin>0,0,0</trianglepickorigin>
        <orientation>
          <row0>-0.611422,0.762543,-0.211398</row0>
          <row1>-0.559103,-0.227254,0.797344</row1>
          <row2>0.559968,0.605708,0.565289</row2>
        </orientation>
      </transform>
      <snapped>true</snapped>
      <childlist count="1">
        <childid>28</childid>
      </childlist>
      <symmetric>9</symmetric>
      <handles count="4">
        <weight channel="0x884317a9">0</weight>
        <weight channel="0x1b486c71">0</weight>
        <weight channel="0x9310d4c0">0.0135245</weight>
        <weight channel="0x1f59da43">0.5</weight>
      </handles>
      <isasymmetric>false</isasymmetric>
    </blockref>
    <blockref>
      <blockid>0x40626000, 0xdec3c22a</blockid>
      <transform>
        <limbtype>0</limbtype>
        <musclescale>0.499999</musclescale>
        <basemusclescale>0.550000</basemusclescale>
        <scale>1</scale>
        <position>0.115099,-0.146543,0.372451</position>
        <triangledirection>-0.320604,0.482963,0.814836</triangledirection>
        <trianglepickorigin>0,0,0</trianglepickorigin>
        <orientation>
          <row0>-0.611422,-0.762543,0.211398</row0>
          <row1>-0.320604,0.482963,0.814836</row1>
          <row2>-0.723446,0.430434,-0.539770</row2>
        </orientation>
      </transform>
      <snapped>false</snapped>
      <childlist count="1">
        <childid>9</childid>
      </childlist>
      <symmetric>6</symmetric>
      <handles count="1">
        <weight channel="0xf320ba37">0.0631937</weight>
      </handles>
      <isasymmetric>false</isasymmetric>
    </blockref>
    <blockref>
      <blockid>0x40626000, 0xe4f1979d</blockid>
      <transform>
        <limbtype>2</limbtype>
        <musclescale>0.5</musclescale>
        <basemusclescale>0.699998</basemusclescale>
        <scale>1</scale>
        <position>0.184890,-0.251677,0.195073</position>
        <triangledirection>0.559103,-0.227254,0.797344</triangledirection>
        <trianglepickorigin>0,0,0</trianglepickorigin>
        <orientation>
          <row0>-0.611422,-0.762543,0.211398</row0>
          <row1>0.559103,-0.227254,0.797344</row1>
          <row2>-0.559968,0.605708,0.565289</row2>
        </orientation>
      </transform>
      <snapped>true</snapped>
      <childlist count="1">
        <childid>27</childid>
      </childlist>
      <symmetric>7</symmetric>
      <handles count="4">
        <weight channel="0x884317a9">0</weight>
        <weight channel="0x1b486c71">0</weight>
        <weight channel="0x9310d4c0">0.0135245</weight>
        <weight channel="0x1f59da43">0.5</weight>
      </handles>
      <isasymmetric>false</isasymmetric>
    </blockref>
    <blockref>
      <blockid>0x40626000, 0xdec3c22a</blockid>
      <transform>
        <limbtype>0</limbtype>
        <musclescale>0.499999</musclescale>
        <basemusclescale>0.699999</basemusclescale>
        <scale>1</scale>
        <position>0.118066,0.205247,0.301254</position>
        <triangledirection>-0.627586,0.463814,0.625308</triangledirection>
        <trianglepickorigin>0,0,0</trianglepickorigin>
        <orientation>
          <row0>-0.365597,-0.884681,0.289270</row0>
          <row1>-0.627586,0.463814,0.625308</row1>
          <row2>-0.687366,0.0470689,-0.724783</row2>
        </orientation>
      </transform>
      <snapped>false</snapped>
      <childlist count="1">
        <childid>11</childid>
      </childlist>
      <symmetric>12</symmetric>
      <handles count="1">
        <weight channel="0xf320ba37">0.0734583</weight>
      </handles>
      <isasymmetric>false</isasymmetric>
    </blockref>
    <blockref>
      <blockid>0x40626000, 0xe4f1979d</blockid>
      <transform>
        <limbtype>2</limbtype>
        <musclescale>0.5</musclescale>
        <basemusclescale>0.800000</basemusclescale>
        <scale>1</scale>
        <position>0.273815,0.0901425,0.146070</position>
        <triangledirection>0.916272,-0.287436,0.278970</triangledirection>
        <trianglepickorigin>0,0,0</trianglepickorigin>
        <orientation>
          <row0>-0.365597,-0.884680,0.289270</row0>
          <row1>0.916272,-0.287436,0.278970</row1>
          <row2>-0.163653,0.367042,0.915695</row2>
        </orientation>
      </transform>
      <snapped>true</snapped>
      <childlist count="1">
        <childid>24</childid>
      </childlist>
      <symmetric>13</symmetric>
      <handles count="4">
        <weight channel="0x884317a9">0.125</weight>
        <weight channel="0x1b486c71">0.141605</weight>
        <weight channel="0x9310d4c0">0.0149456</weight>
        <weight channel="0x1f59da43">0.5</weight>
      </handles>
      <isasymmetric>false</isasymmetric>
    </blockref>
    <blockref>
      <blockid>0x40626000, 0xdec3c22a</blockid>
      <transform>
        <limbtype>0</limbtype>
        <musclescale>0.499999</musclescale>
        <basemusclescale>0.699999</basemusclescale>
        <scale>1</scale>
        <position>-0.118066,0.205247,0.301254</position>
        <triangledirection>0.627586,0.463814,0.625308</triangledirection>
        <trianglepickorigin>0,0,0</trianglepickorigin>
        <orientation>
          <row0>-0.365598,0.884681,-0.289270</row0>
          <row1>0.627586,0.463814,0.625308</row1>
          <row2>0.687366,0.0470689,-0.724783</row2>
        </orientation>
      </transform>
      <snapped>false</snapped>
      <childlist count="1">
        <childid>13</childid>
      </childlist>
      <symmetric>10</symmetric>
      <handles count="1">
        <weight channel="0xf320ba37">0.0734583</weight>
      </handles>
      <isasymmetric>false</isasymmetric>
    </blockref>
    <blockref>
      <blockid>0x40626000, 0xe4f1979d</blockid>
      <transform>
        <limbtype>2</limbtype>
        <musclescale>0.5</musclescale>
        <basemusclescale>0.800000</basemusclescale>
        <scale>1</scale>
        <position>-0.273815,0.0901425,0.146070</position>
        <triangledirection>-0.916272,-0.287436,0.278970</triangledirection>
        <trianglepickorigin>0,0,0</trianglepickorigin>
        <orientation>
          <row0>-0.365597,0.884681,-0.289270</row0>
          <row1>-0.916272,-0.287436,0.278970</row1>
          <row2>0.163653,0.367042,0.915695</row2>
        </orientation>
      </transform>
      <snapped>true</snapped>
      <childlist count="1">
        <childid>23</childid>
      </childlist>
      <symmetric>11</symmetric>
      <handles count="4">
        <weight channel="0x884317a9">0.125</weight>
        <weight channel="0x1b486c71">0.141605</weight>
        <weight channel="0x9310d4c0">0.0149456</weight>
        <weight channel="0x1f59da43">0.5</weight>
      </handles>
      <isasymmetric>false</isasymmetric>
    </blockref>
    <blockref>
      <blockid>0x40626000, 0xdec3c22a</blockid>
      <transform>
        <limbtype>0</limbtype>
        <musclescale>0.499999</musclescale>
        <basemusclescale>0.550000</basemusclescale>
        <scale>1</scale>
        <position>0.0905859,-0.00474903,0.260602</position>
        <triangledirection>-0.712802,0.276909,0.644386</triangledirection>
        <trianglepickorigin>0,0,0</trianglepickorigin>
        <orientation>
          <row0>0.0256153,-0.907869,0.418469</row0>
          <row1>-0.712802,0.276909,0.644386</row1>
          <row2>-0.700896,-0.314792,-0.640038</row2>
        </orientation>
      </transform>
      <snapped>false</snapped>
      <childlist count="1">
        <childid>15</childid>
      </childlist>
      <symmetric>16</symmetric>
      <handles count="1">
        <weight channel="0xf320ba37">0.0527934</weight>
      </handles>
      <isasymmetric>false</isasymmetric>
    </blockref>
    <blockref>
      <blockid>0x40626000, 0xe4f1979d</blockid>
      <transform>
        <limbtype>2</limbtype>
        <musclescale>0.5</musclescale>
        <basemusclescale>0.699998</basemusclescale>
        <scale>1</scale>
        <position>0.223735,-0.0564746,0.140233</position>
        <triangledirection>0.869534,0.226762,0.438735</triangledirection>
        <trianglepickorigin>0,0,0</trianglepickorigin>
        <orientation>
          <row0>0.0256153,-0.907869,0.418469</row0>
          <row1>0.869534,0.226762,0.438735</row1>
          <row2>-0.493208,0.352635,0.795232</row2>
        </orientation>
      </transform>
      <snapped>true</snapped>
      <childlist count="1">
        <childid>25</childid>
      </childlist>
      <symmetric>17</symmetric>
      <handles count="4">
        <weight channel="0x884317a9">0</weight>
        <weight channel="0x1b486c71">0</weight>
        <weight channel="0x9310d4c0">0.00984907</weight>
        <weight channel="0x1f59da43">0.5</weight>
      </handles>
      <isasymmetric>false</isasymmetric>
    </blockref>
    <blockref>
      <blockid>0x40626000, 0xdec3c22a</blockid>
      <transform>
        <limbtype>0</limbtype>
        <musclescale>0.499999</musclescale>
        <basemusclescale>0.550000</basemusclescale>
        <scale>1</scale>
        <position>-0.0905859,-0.00474903,0.260602</position>
        <triangledirection>0.712802,0.276909,0.644386</triangledirection>
        <trianglepickorigin>0,0,0</trianglepickorigin>
        <orientation>
          <row0>0.0256153,0.907869,-0.418469</row0>
          <row1>0.712802,0.276909,0.644386</row1>
          <row2>0.700896,-0.314792,-0.640038</row2>
        </orientation>
      </transform>
      <snapped>false</snapped>
      <childlist count="1">
        <childid>17</childid>
      </childlist>
      <symmetric>14</symmetric>
      <handles count="1">
        <weight channel="0xf320ba37">0.0527934</weight>
      </handles>
      <isasymmetric>false</isasymmetric>
    </blockref>
    <blockref>
      <blockid>0x40626000, 0xe4f1979d</blockid>
      <transform>
        <limbtype>2</limbtype>
        <musclescale>0.5</musclescale>
        <basemusclescale>0.699998</basemusclescale>
        <scale>1</scale>
        <position>-0.223735,-0.0564746,0.140233</position>
        <triangledirection>-0.869534,0.226762,0.438735</triangledirection>
        <trianglepickorigin>0,0,0</trianglepickorigin>
        <orientation>
          <row0>0.0256153,0.907869,-0.418469</row0>
          <row1>-0.869534,0.226762,0.438735</row1>
          <row2>0.493208,0.352635,0.795232</row2>
        </orientation>
      </transform>
      <snapped>true</snapped>
      <childlist count="1">
        <childid>26</childid>
      </childlist>
      <symmetric>15</symmetric>
      <handles count="4">
        <weight channel="0x884317a9">0</weight>
        <weight channel="0x1b486c71">0</weight>
        <weight channel="0x9310d4c0">0.00984907</weight>
        <weight channel="0x1f59da43">0.5</weight>
      </handles>
      <isasymmetric>false</isasymmetric>
    </blockref>
    <blockref>
      <blockid>0x40626000, 0x26e995b1</blockid>
      <transform>
        <scale>0.699999</scale>
        <position>0.0732241,-0.396104,0.282214</position>
        <triangledirection>-0.913639,0.400526,-0.0695847</triangledirection>
        <trianglepickorigin>0,0,0</trianglepickorigin>
        <orientation>
          <row0>0.401499,0.915859,8.19563e-8</row0>
          <row1>-0.913639,0.400526,-0.0695847</row1>
          <row2>-0.0637298,0.0279381,0.997576</row2>
        </orientation>
        <userorientation>
          <userorientation_row0>0.852035,0,0.523482</userorientation_row0>
          <userorientation_row1>0,1,0</userorientation_row1>
          <userorientation_row2>-0.523482,0,0.852035</userorientation_row2>
        </userorientation>
      </transform>
      <snapped>false</snapped>
      <symmetric>19</symmetric>
      <isasymmetric>false</isasymmetric>
    </blockref>
    <blockref>
      <blockid>0x40626000, 0x66ca9f87</blockid>
      <transform>
        <scale>0.699999</scale>
        <position>-0.0732241,-0.396104,0.282214</position>
        <triangledirection>0.913639,0.400526,-0.0695847</triangledirection>
        <trianglepickorigin>0,0,0</trianglepickorigin>
        <orientation>
          <row0>0.401499,-0.915859,-8.19563e-8</row0>
          <row1>0.913639,0.400526,-0.0695847</row1>
          <row2>0.0637298,0.0279381,0.997576</row2>
        </orientation>
        <userorientation>
          <userorientation_row0>0.852035,0,-0.523482</userorientation_row0>
          <userorientation_row1>0,1,0</userorientation_row1>
          <userorientation_row2>0.523482,0,0.852035</userorientation_row2>
        </userorientation>
      </transform>
      <snapped>false</snapped>
      <symmetric>18</symmetric>
      <isasymmetric>false</isasymmetric>
    </blockref>
    <blockref>
      <blockid>0x40626000, 0x676ec1cf</blockid>
      <transform>
        <scale>0.5</scale>
        <position>0,-0.429513,0.230441</position>
        <triangledirection>0,0.816217,0.577744</triangledirection>
        <trianglepickorigin>0,0,0</trianglepickorigin>
        <orientation>
          <row0>0.999999,0,0</row0>
          <row1>0,0.816217,0.577744</row1>
          <row2>0,-0.577744,0.816217</row2>
        </orientation>
      </transform>
      <snapped>false</snapped>
      <handles count="2">
        <weight channel="0x2e6521f4">0.138131</weight>
        <weight channel="0xd02751de">1</weight>
      </handles>
      <isasymmetric>false</isasymmetric>
    </blockref>
    <blockref>
      <blockid>0x40626000, 0xe7360af1</blockid>
      <transform>
        <scale>1.161834</scale>
        <position>0.0541984,-0.417632,0.299577</position>
        <triangledirection>-0.803278,0.381661,0.457248</triangledirection>
        <trianglepickorigin>0,0,0</trianglepickorigin>
        <orientation>
          <row0>0.703373,0.710820,-4.76837e-7</row0>
          <row1>-0.680728,0.673595,-0.287885</row1>
          <row2>-0.204634,0.202491,0.957664</row2>
        </orientation>
        <userorientation>
          <userorientation_row0>0.904682,-0.0340701,0.424720</userorientation_row0>
          <userorientation_row1>-0.293711,0.672263,0.679553</userorientation_row1>
          <userorientation_row2>-0.308677,-0.739526,0.598178</userorientation_row2>
        </userorientation>
      </transform>
      <snapped>false</snapped>
      <symmetric>22</symmetric>
      <handles count="2">
        <weight channel="0x2e6521f4">0.0191359</weight>
        <weight channel="0x7cc96c02">0.871294</weight>
      </handles>
      <isasymmetric>false</isasymmetric>
    </blockref>
    <blockref>
      <blockid>0x40626000, 0xd69ebe47</blockid>
      <transform>
        <scale>1.161834</scale>
        <position>-0.0541984,-0.417632,0.299577</position>
        <triangledirection>0.803278,0.381661,0.457248</triangledirection>
        <trianglepickorigin>0,0,0</trianglepickorigin>
        <orientation>
          <row0>0.703373,-0.710820,4.76837e-7</row0>
          <row1>0.680728,0.673595,-0.287885</row1>
          <row2>0.204634,0.202491,0.957664</row2>
        </orientation>
        <userorientation>
          <userorientation_row0>0.904682,0.0340700,-0.424720</userorientation_row0>
          <userorientation_row1>0.293711,0.672263,0.679553</userorientation_row1>
          <userorientation_row2>0.308677,-0.739526,0.598178</userorientation_row2>
        </userorientation>
      </transform>
      <snapped>false</snapped>
      <symmetric>21</symmetric>
      <handles count="2">
        <weight channel="0x2e6521f4">0.0191359</weight>
        <weight channel="0x7cc96c02">0.871294</weight>
      </handles>
      <isasymmetric>false</isasymmetric>
    </blockref>
    <blockref>
      <blockid>0x40626000, 0x8aeb9f1a</blockid>
      <transform>
        <basemusclescale>0.813283</basemusclescale>
        <scale>0.580916</scale>
        <position>-0.149399,0.129172,0.108190</position>
        <triangledirection>0,1,0</triangledirection>
        <trianglepickorigin>0,0,0</trianglepickorigin>
        <orientation>
          <row0>1,0,0</row0>
          <row1>0,1,0</row1>
          <row2>0,0,1</row2>
        </orientation>
      </transform>
      <snapped>true</snapped>
      <symmetric>24</symmetric>
      <handles count="2">
        <weight channel="0x2e6521f4">0</weight>
        <weight channel="0x7cc96c02">0.489678</weight>
      </handles>
      <isasymmetric>false</isasymmetric>
    </blockref>
    <blockref>
      <blockid>0x40626000, 0x15d2288c</blockid>
      <transform>
        <basemusclescale>0.813283</basemusclescale>
        <scale>0.580916</scale>
        <position>0.149399,0.129172,0.108190</position>
        <triangledirection>0,1,0</triangledirection>
        <trianglepickorigin>0,0,0</trianglepickorigin>
        <orientation>
          <row0>1,0,0</row0>
          <row1>0,1,0</row1>
          <row2>0,0,1</row2>
        </orientation>
      </transform>
      <snapped>true</snapped>
      <symmetric>23</symmetric>
      <handles count="2">
        <weight channel="0x2e6521f4">0</weight>
        <weight channel="0x7cc96c02">0.489678</weight>
      </handles>
      <isasymmetric>false</isasymmetric>
    </blockref>
    <blockref>
      <blockid>0x40626000, 0x15d2288c</blockid>
      <transform>
        <basemusclescale>0.699998</basemusclescale>
        <scale>0.5</scale>
        <position>0.130360,-0.0808253,0.0931203</position>
        <triangledirection>0,1,0</triangledirection>
        <trianglepickorigin>0,0,0</trianglepickorigin>
        <orientation>
          <row0>1,0,0</row0>
          <row1>0,1,0</row1>
          <row2>0,0,1</row2>
        </orientation>
      </transform>
      <snapped>true</snapped>
      <symmetric>26</symmetric>
      <handles count="2">
        <weight channel="0x2e6521f4">0</weight>
        <weight channel="0x7cc96c02">0.489678</weight>
      </handles>
      <isasymmetric>false</isasymmetric>
    </blockref>
    <blockref>
      <blockid>0x40626000, 0x8aeb9f1a</blockid>
      <transform>
        <basemusclescale>0.699998</basemusclescale>
        <scale>0.5</scale>
        <position>-0.130360,-0.0808253,0.0931203</position>
        <triangledirection>0,1,0</triangledirection>
        <trianglepickorigin>0,0,0</trianglepickorigin>
        <orientation>
          <row0>1,0,0</row0>
          <row1>0,1,0</row1>
          <row2>0,0,1</row2>
        </orientation>
      </transform>
      <snapped>true</snapped>
      <symmetric>25</symmetric>
      <handles count="2">
        <weight channel="0x2e6521f4">0</weight>
        <weight channel="0x7cc96c02">0.489678</weight>
      </handles>
      <isasymmetric>false</isasymmetric>
    </blockref>
    <blockref>
      <blockid>0x40626000, 0x15d2288c</blockid>
      <transform>
        <basemusclescale>0.699998</basemusclescale>
        <scale>0.5</scale>
        <position>0.113399,-0.222619,0.0931210</position>
        <triangledirection>0,1,0</triangledirection>
        <trianglepickorigin>0,0,0</trianglepickorigin>
        <orientation>
          <row0>1,0,0</row0>
          <row1>0,1,0</row1>
          <row2>0,0,1</row2>
        </orientation>
      </transform>
      <snapped>true</snapped>
      <symmetric>28</symmetric>
      <handles count="2">
        <weight channel="0x2e6521f4">0</weight>
        <weight channel="0x7cc96c02">0.489678</weight>
      </handles>
      <isasymmetric>false</isasymmetric>
    </blockref>
    <blockref>
      <blockid>0x40626000, 0x8aeb9f1a</blockid>
      <transform>
        <basemusclescale>0.699998</basemusclescale>
        <scale>0.5</scale>
        <position>-0.113399,-0.222619,0.0931210</position>
        <triangledirection>0,1,0</triangledirection>
        <trianglepickorigin>0,0,0</trianglepickorigin>
        <orientation>
          <row0>1,0,0</row0>
          <row1>0,1,0</row1>
          <row2>0,0,1</row2>
        </orientation>
      </transform>
      <snapped>true</snapped>
      <symmetric>27</symmetric>
      <handles count="2">
        <weight channel="0x2e6521f4">0</weight>
        <weight channel="0x7cc96c02">0.489678</weight>
      </handles>
      <isasymmetric>false</isasymmetric>
    </blockref>
    <blockref>
      <blockid>0x40626000, 0x3a7a1f98</blockid>
      <transform>
        <scale>1.275256</scale>
        <position>0,0.296365,0.247128</position>
        <triangledirection>0,-0.850626,0.525770</triangledirection>
        <trianglepickorigin>0,0,0</trianglepickorigin>
        <orientation>
          <row0>1,0,0</row0>
          <row1>0,-0.977989,0.208652</row1>
          <row2>0,-0.208652,-0.977989</row2>
        </orientation>
        <userorientation>
          <userorientation_row0>1.000000,0,0</userorientation_row0>
          <userorientation_row1>0,0.941607,-0.336712</userorientation_row1>
          <userorientation_row2>0,0.336712,0.941607</userorientation_row2>
        </userorientation>
      </transform>
      <snapped>false</snapped>
      <handles count="3">
        <weight channel="0x2e6521f4">0.419476</weight>
        <weight channel="0x7cc96c02">9.63342e-6</weight>
        <weight channel="0xd02751de">0</weight>
      </handles>
      <isasymmetric>false</isasymmetric>
    </blockref>
    <blockref>
      <blockid>0x40626000, 0x51bea95e</blockid>
      <transform>
        <scale>1.079887</scale>
        <position>0.0914582,-0.190298,0.426860</position>
        <triangledirection>-0.720340,-0.0549874,-0.691437</triangledirection>
        <trianglepickorigin>0,0,0</trianglepickorigin>
        <orientation>
          <row0>3.34078e-8,1.000000,-5.02935e-8</row0>
          <row1>-0.828161,-5.22005e-10,-0.560490</row1>
          <row2>-0.560490,6.03759e-8,0.828161</row2>
        </orientation>
        <userorientation>
          <userorientation_row0>0.993382,0.0368368,-0.108790</userorientation_row0>
          <userorientation_row1>-0.0549873,0.984102,-0.168877</userorientation_row1>
          <userorientation_row2>0.100839,0.173741,0.979614</userorientation_row2>
        </userorientation>
      </transform>
      <snapped>false</snapped>
      <symmetric>31</symmetric>
      <handles count="1">
        <weight channel="0x2e6521f4">1</weight>
      </handles>
      <isasymmetric>false</isasymmetric>
    </blockref>
    <blockref>
      <blockid>0x40626000, 0xb469bed0</blockid>
      <transform>
        <scale>1.079887</scale>
        <position>-0.0914582,-0.190298,0.426860</position>
        <triangledirection>0.720340,-0.0549874,-0.691437</triangledirection>
        <trianglepickorigin>0,0,0</trianglepickorigin>
        <orientation>
          <row0>3.34078e-8,-1.000000,5.02935e-8</row0>
          <row1>0.828161,-5.22005e-10,-0.560490</row1>
          <row2>0.560490,6.03759e-8,0.828161</row2>
        </orientation>
        <userorientation>
          <userorientation_row0>0.993382,-0.0368368,0.108790</userorientation_row0>
          <userorientation_row1>0.0549873,0.984102,-0.168877</userorientation_row1>
          <userorientation_row2>-0.100839,0.173741,0.979614</userorientation_row2>
        </userorientation>
      </transform>
      <snapped>false</snapped>
      <symmetric>30</symmetric>
      <handles count="1">
        <weight channel="0x2e6521f4">1</weight>
      </handles>
      <isasymmetric>false</isasymmetric>
    </blockref>
    <blockref>
      <blockid>0x40626000, 0x2275f76c</blockid>
      <transform>
        <scale>0.929467</scale>
        <position>0,-0.404418,0.347891</position>
        <triangledirection>0,0.492651,-0.870226</triangledirection>
        <trianglepickorigin>0,0,0</trianglepickorigin>
        <orientation>
          <row0>1,0,0</row0>
          <row1>0,0.492651,-0.870226</row1>
          <row2>0,0.870226,0.492651</row2>
        </orientation>
      </transform>
      <snapped>false</snapped>
      <handles count="2">
        <weight channel="0x2e6521f4">0.304501</weight>
        <weight channel="0xd02751de">0</weight>
      </handles>
      <isasymmetric>false</isasymmetric>
    </blockref>
    <blockref>
      <blockid>0x40626000, 0x2275f76c</blockid>
      <transform>
        <scale>0.800000</scale>
        <position>0.0295378,-0.407283,0.336637</position>
        <triangledirection>-0.370995,0.543711,-0.752821</triangledirection>
        <trianglepickorigin>0,0,0</trianglepickorigin>
        <orientation>
          <row0>0.826027,0.563629,-2.08616e-7</row0>
          <row1>-0.370995,0.543711,-0.752821</row1>
          <row2>-0.424312,0.621851,0.658224</row2>
        </orientation>
      </transform>
      <snapped>false</snapped>
      <symmetric>34</symmetric>
      <handles count="2">
        <weight channel="0x2e6521f4">0.304501</weight>
        <weight channel="0xd02751de">0</weight>
      </handles>
      <isasymmetric>false</isasymmetric>
    </blockref>
    <blockref>
      <blockid>0x40626000, 0x2275f76c</blockid>
      <transform>
        <scale>0.800000</scale>
        <position>-0.0294814,-0.407200,0.336523</position>
        <triangledirection>0.370743,0.543689,-0.752961</triangledirection>
        <trianglepickorigin>0,0,0</trianglepickorigin>
        <orientation>
          <row0>0.826195,-0.563384,1.04308e-7</row0>
          <row1>0.370743,0.543689,-0.752961</row1>
          <row2>0.424206,0.622093,0.658064</row2>
        </orientation>
      </transform>
      <snapped>false</snapped>
      <symmetric>33</symmetric>
      <handles count="2">
        <weight channel="0x2e6521f4">0.304501</weight>
        <weight channel="0xd02751de">0</weight>
      </handles>
      <isasymmetric>false</isasymmetric>
    </blockref>
    <blockref>
      <blockid>0x40626000, 0x2275f76c</blockid>
      <transform>
        <scale>0.800000</scale>
        <position>0.0359141,-0.436673,0.282254</position>
        <triangledirection>0,0.997041,-0.0768699</triangledirection>
        <trianglepickorigin>0,0,0</trianglepickorigin>
        <orientation>
          <row0>0.999999,0,0</row0>
          <row1>0,0.997041,-0.0768699</row1>
          <row2>0,0.0768699,0.997041</row2>
        </orientation>
      </transform>
      <snapped>false</snapped>
      <symmetric>78</symmetric>
      <handles count="2">
        <weight channel="0x2e6521f4">0.304501</weight>
        <weight channel="0xd02751de">0</weight>
      </handles>
      <isasymmetric>false</isasymmetric>
    </blockref>
    <blockref>
      <blockid>0x40626000, 0x2275f76c</blockid>
      <transform>
        <scale>0.800000</scale>
        <position>0,-0.438291,0.244945</position>
        <triangledirection>0,0.919134,0.393944</triangledirection>
        <trianglepickorigin>0,0,0</trianglepickorigin>
        <orientation>
          <row0>1.000000,0,0</row0>
          <row1>0,0.919134,0.393944</row1>
          <row2>0,-0.393944,0.919134</row2>
        </orientation>
      </transform>
      <snapped>false</snapped>
      <handles count="2">
        <weight channel="0x2e6521f4">0.304501</weight>
        <weight channel="0xd02751de">0</weight>
      </handles>
      <isasymmetric>false</isasymmetric>
    </blockref>
    <blockref>
      <blockid>0x40626000, 0x2275f76c</blockid>
      <transform>
        <scale>0.800000</scale>
        <position>0,-0.443202,0.259623</position>
        <triangledirection>0,0.977675,0.210120</triangledirection>
        <trianglepickorigin>0,0,0</trianglepickorigin>
        <orientation>
          <row0>0.999999,0,0</row0>
          <row1>0,0.977675,0.210120</row1>
          <row2>0,-0.210120,0.977675</row2>
        </orientation>
      </transform>
      <snapped>false</snapped>
      <handles count="2">
        <weight channel="0x2e6521f4">0.304501</weight>
        <weight channel="0xd02751de">0</weight>
      </handles>
      <isasymmetric>false</isasymmetric>
    </blockref>
    <blockref>
      <blockid>0x40626000, 0x2275f76c</blockid>
      <transform>
        <scale>0.800000</scale>
        <position>0.0554866,-0.350627,0.333238</position>
        <triangledirection>-0.693349,-0.153710,-0.704017</triangledirection>
        <trianglepickorigin>0,0,0</trianglepickorigin>
        <orientation>
          <row0>-0.216437,0.976296,-4.17232e-7</row0>
          <row1>-0.693349,-0.153710,-0.704017</row1>
          <row2>-0.687329,-0.152375,0.710182</row2>
        </orientation>
      </transform>
      <snapped>false</snapped>
      <symmetric>39</symmetric>
      <handles count="2">
        <weight channel="0x2e6521f4">0.304501</weight>
        <weight channel="0xd02751de">0</weight>
      </handles>
      <isasymmetric>false</isasymmetric>
    </blockref>
    <blockref>
      <blockid>0x40626000, 0x2275f76c</blockid>
      <transform>
        <scale>0.800000</scale>
        <position>-0.0554866,-0.350627,0.333238</position>
        <triangledirection>0.693349,-0.153710,-0.704017</triangledirection>
        <trianglepickorigin>0,0,0</trianglepickorigin>
        <orientation>
          <row0>-0.216437,-0.976296,4.17232e-7</row0>
          <row1>0.693349,-0.153710,-0.704017</row1>
          <row2>0.687329,-0.152375,0.710182</row2>
        </orientation>
      </transform>
      <snapped>false</snapped>
      <symmetric>38</symmetric>
      <handles count="2">
        <weight channel="0x2e6521f4">0.304501</weight>
        <weight channel="0xd02751de">0</weight>
      </handles>
      <isasymmetric>false</isasymmetric>
    </blockref>
    <blockref>
      <blockid>0x40626000, 0x2275f76c</blockid>
      <transform>
        <scale>0.929467</scale>
        <position>0,-0.323218,0.353336</position>
        <triangledirection>0,0.162885,-0.986645</triangledirection>
        <trianglepickorigin>0,0,0</trianglepickorigin>
        <orientation>
          <row0>1.000000,0,0</row0>
          <row1>0,0.162885,-0.986645</row1>
          <row2>0,0.986645,0.162885</row2>
        </orientation>
      </transform>
      <snapped>false</snapped>
      <handles count="2">
        <weight channel="0x2e6521f4">0.304501</weight>
        <weight channel="0xd02751de">0</weight>
      </handles>
      <isasymmetric>false</isasymmetric>
    </blockref>
    <blockref>
      <blockid>0x40626000, 0x2275f76c</blockid>
      <transform>
        <scale>0.929467</scale>
        <position>0.0728794,-0.318388,0.285634</position>
        <triangledirection>-0.964385,-0.253524,-0.0754042</triangledirection>
        <trianglepickorigin>0,0,0</trianglepickorigin>
        <orientation>
          <row0>-0.254247,0.967139,-4.84287e-8</row0>
          <row1>-0.964385,-0.253524,-0.0754042</row1>
          <row2>-0.0729264,-0.0191713,0.997153</row2>
        </orientation>
      </transform>
      <snapped>false</snapped>
      <symmetric>42</symmetric>
      <handles count="2">
        <weight channel="0x2e6521f4">0.304501</weight>
        <weight channel="0xd02751de">0</weight>
      </handles>
      <isasymmetric>false</isasymmetric>
    </blockref>
    <blockref>
      <blockid>0x40626000, 0x2275f76c</blockid>
      <transform>
        <scale>0.929467</scale>
        <position>-0.0728793,-0.318388,0.285634</position>
        <triangledirection>0.964385,-0.253524,-0.0754042</triangledirection>
        <trianglepickorigin>0,0,0</trianglepickorigin>
        <orientation>
          <row0>-0.254247,-0.967139,4.84287e-8</row0>
          <row1>0.964385,-0.253524,-0.0754042</row1>
          <row2>0.0729264,-0.0191713,0.997153</row2>
        </orientation>
      </transform>
      <snapped>false</snapped>
      <symmetric>41</symmetric>
      <handles count="2">
        <weight channel="0x2e6521f4">0.304501</weight>
        <weight channel="0xd02751de">0</weight>
      </handles>
      <isasymmetric>false</isasymmetric>
    </blockref>
    <blockref>
      <blockid>0x40626000, 0x2275f76c</blockid>
      <transform>
        <scale>0.800000</scale>
        <position>0.0671469,-0.350812,0.232333</position>
        <triangledirection>-0.824540,-0.153389,0.544614</triangledirection>
        <trianglepickorigin>0,0,0</trianglepickorigin>
        <orientation>
          <row0>-0.182893,0.983132,-3.65078e-7</row0>
          <row1>-0.824540,-0.153389,0.544614</row1>
          <row2>0.535428,0.0996066,0.838686</row2>
        </orientation>
      </transform>
      <snapped>false</snapped>
      <symmetric>44</symmetric>
      <handles count="2">
        <weight channel="0x2e6521f4">0.304501</weight>
        <weight channel="0xd02751de">0</weight>
      </handles>
      <isasymmetric>false</isasymmetric>
    </blockref>
    <blockref>
      <blockid>0x40626000, 0x2275f76c</blockid>
      <transform>
        <scale>0.800000</scale>
        <position>-0.0671468,-0.350812,0.232333</position>
