<?xml version="1.0" encoding="UTF-8"?><sporemodel>
  <formatversion>18</formatversion>
  <properties>
    <modeltype>0x9ea3031a</modeltype>
    <skineffect1>0xa3163e4a</skineffect1>
    <skineffect2>0x97dd66d8</skineffect2>
    <skineffect3>0xf0f59399</skineffect3>
    <skineffectseed1>1234</skineffectseed1>
    <skineffectseed2>1234</skineffectseed2>
    <skineffectseed3>1234</skineffectseed3>
    <skincolor1>0.443137,0.223529,0.141176</skincolor1>
    <skincolor2>0.443137,0.219607,0.203921</skincolor2>
    <skincolor3>0.576470,0.235294,0.105882</skincolor3>
    <zcorpscore>0</zcorpscore>
  </properties>
  <blocks count="38">
    <blockref>
      <blockid>0x40626000, 0xd05c53a3</blockid>
      <transform>
        <scale>0.587958</scale>
        <position>0,0.222175,0.519866</position>
        <triangledirection>0,0.993629,-0.112697</triangledirection>
        <trianglepickorigin>0,0,0</trianglepickorigin>
        <orientation>
          <row0>1,0,0</row0>
          <row1>0,0.993629,-0.112697</row1>
          <row2>0,0.112697,0.993629</row2>
        </orientation>
      </transform>
      <snapped>false</snapped>
      <childlist count="2">
        <childid>26</childid>
        <childid>1</childid>
      </childlist>
      <isasymmetric>false</isasymmetric>
    </blockref>
    <blockref>
      <blockid>0x40626000, 0xd05c53a3</blockid>
      <transform>
        <scale>0.471107</scale>
        <position>0,0.334883,0.513586</position>
        <triangledirection>0,0.999998,0.00160957</triangledirection>
        <trianglepickorigin>0,0,0</trianglepickorigin>
        <orientation>
          <row0>0.999999,0,0</row0>
          <row1>0,0.999998,0.00160957</row1>
          <row2>0,-0.00160957,0.999998</row2>
        </orientation>
      </transform>
      <snapped>false</snapped>
      <childlist count="3">
        <childid>22</childid>
        <childid>19</childid>
        <childid>6</childid>
      </childlist>
      <isasymmetric>false</isasymmetric>
    </blockref>
    <blockref>
      <blockid>0x40626000, 0xd05c53a3</blockid>
      <transform>
        <scale>0.613848</scale>
        <position>0,0.112039,0.527045</position>
        <triangledirection>0,0.999851,-0.0172498</triangledirection>
        <trianglepickorigin>0,0,0</trianglepickorigin>
        <orientation>
          <row0>1,0,0</row0>
          <row1>0,0.999851,-0.0172498</row1>
          <row2>0,0.0172498,0.999851</row2>
        </orientation>
      </transform>
      <snapped>false</snapped>
      <childlist count="3">
        <childid>16</childid>
        <childid>13</childid>
        <childid>0</childid>
      </childlist>
      <isasymmetric>false</isasymmetric>
    </blockref>
    <blockref>
      <blockid>0x40626000, 0xd05c53a3</blockid>
      <transform>
        <scale>0.594727</scale>
        <position>0,0.00149958,0.524420</position>
        <triangledirection>0,0.997905,0.0646907</triangledirection>
        <trianglepickorigin>0,0,0</trianglepickorigin>
        <orientation>
          <row0>1,0,0</row0>
          <row1>0,0.997905,0.0646907</row1>
          <row2>0,-0.0646907,0.997905</row2>
        </orientation>
      </transform>
      <snapped>false</snapped>
      <childlist count="2">
        <childid>25</childid>
        <childid>2</childid>
      </childlist>
      <isasymmetric>false</isasymmetric>
    </blockref>
    <blockref>
      <blockid>0x40626000, 0xd05c53a3</blockid>
      <transform>
        <scale>0.493749</scale>
        <position>0,-0.110899,0.521054</position>
        <triangledirection>0,0.999988,-0.00485500</triangledirection>
        <trianglepickorigin>0,0,0</trianglepickorigin>
        <orientation>
          <row0>0.999999,0,0</row0>
          <row1>0,0.999988,-0.00485500</row1>
          <row2>0,0.00485500,0.999988</row2>
        </orientation>
      </transform>
      <snapped>false</snapped>
      <childlist count="1">
        <childid>3</childid>
      </childlist>
      <isasymmetric>false</isasymmetric>
    </blockref>
    <blockref>
      <blockid>0x40626000, 0xd05c53a3</blockid>
      <transform>
        <scale>0.520039</scale>
        <position>0,-0.223716,0.537112</position>
        <triangledirection>0,0.961629,-0.274351</triangledirection>
        <trianglepickorigin>0,0,0</trianglepickorigin>
        <orientation>
          <row0>1,0,0</row0>
          <row1>0,0.961629,-0.274351</row1>
          <row2>0,0.274351,0.961629</row2>
        </orientation>
      </transform>
      <snapped>false</snapped>
      <childlist count="3">
        <childid>9</childid>
        <childid>7</childid>
        <childid>4</childid>
      </childlist>
      <isasymmetric>false</isasymmetric>
    </blockref>
    <blockref>
      <blockid>0x40626000, 0xd05c53a3</blockid>
      <transform>
        <scale>0.373957</scale>
        <position>0,0.441932,0.500567</position>
        <triangledirection>0,0.970465,-0.241240</triangledirection>
        <trianglepickorigin>0,0,0</trianglepickorigin>
        <orientation>
          <row0>1,0,0</row0>
          <row1>0,0.970465,-0.241240</row1>
          <row2>0,0.241240,0.970465</row2>
        </orientation>
      </transform>
      <snapped>false</snapped>
      <childlist count="2">
        <childid>37</childid>
        <childid>27</childid>
      </childlist>
      <isasymmetric>false</isasymmetric>
    </blockref>
    <blockref>
      <blockid>0x40626000, 0xd621ad4b</blockid>
      <transform>
        <limbtype>0</limbtype>
        <musclescale>0.300000</musclescale>
        <basemusclescale>0.550000</basemusclescale>
        <scale>1</scale>
        <position>0.0979513,-0.153338,0.395814</position>
        <triangledirection>-0.799855,0.445240,0.402483</triangledirection>
        <trianglepickorigin>0,0,0</trianglepickorigin>
        <orientation>
          <row0>-0.387105,-0.895166,0.220968</row0>
          <row1>-0.799855,0.445240,0.402483</row1>
          <row2>-0.458673,-0.0209394,-0.888358</row2>
        </orientation>
      </transform>
      <snapped>false</snapped>
      <childlist count="1">
        <childid>8</childid>
      </childlist>
      <symmetric>9</symmetric>
      <handles count="1">
        <weight channel="0xf320ba37">0.0322053</weight>
      </handles>
      <isasymmetric>false</isasymmetric>
    </blockref>
    <blockref>
      <blockid>0x40626000, 0x2051ae2d</blockid>
      <transform>
        <limbtype>0</limbtype>
        <musclescale>0.200000</musclescale>
        <basemusclescale>0.850000</basemusclescale>
        <scale>1</scale>
        <position>0.202323,-0.211437,0.343294</position>
        <triangledirection>0.0457779,0.220698,0.974267</triangledirection>
        <trianglepickorigin>0,0,0</trianglepickorigin>
        <orientation>
          <row0>-0.387105,-0.895166,0.220968</row0>
          <row1>0.0457779,0.220698,0.974267</row1>
          <row2>-0.920898,0.387259,-0.0444545</row2>
        </orientation>
      </transform>
      <snapped>true</snapped>
      <childlist count="1">
        <childid>11</childid>
      </childlist>
      <symmetric>10</symmetric>
      <handles count="1">
        <weight channel="0xf320ba37">0.0546670</weight>
      </handles>
      <isasymmetric>false</isasymmetric>
    </blockref>
    <blockref>
      <blockid>0x40626000, 0xd621ad4b</blockid>
      <transform>
        <limbtype>0</limbtype>
        <musclescale>0.300000</musclescale>
        <basemusclescale>0.550000</basemusclescale>
        <scale>1</scale>
        <position>-0.0979513,-0.153338,0.395814</position>
        <triangledirection>0.799855,0.445240,0.402483</triangledirection>
        <trianglepickorigin>0,0,0</trianglepickorigin>
        <orientation>
          <row0>-0.387105,0.895166,-0.220968</row0>
          <row1>0.799855,0.445240,0.402483</row1>
          <row2>0.458673,-0.0209394,-0.888358</row2>
        </orientation>
      </transform>
      <snapped>false</snapped>
      <childlist count="1">
        <childid>10</childid>
      </childlist>
      <symmetric>7</symmetric>
      <handles count="1">
        <weight channel="0xf320ba37">0.0322053</weight>
      </handles>
      <isasymmetric>false</isasymmetric>
    </blockref>
    <blockref>
      <blockid>0x40626000, 0x2051ae2d</blockid>
      <transform>
        <limbtype>0</limbtype>
        <musclescale>0.200000</musclescale>
        <basemusclescale>0.850000</basemusclescale>
        <scale>1</scale>
        <position>-0.202323,-0.211437,0.343294</position>
        <triangledirection>-0.0457779,0.220698,0.974267</triangledirection>
        <trianglepickorigin>0,0,0</trianglepickorigin>
        <orientation>
          <row0>-0.387105,0.895166,-0.220968</row0>
          <row1>-0.0457779,0.220698,0.974267</row1>
          <row2>0.920898,0.387259,-0.0444545</row2>
        </orientation>
      </transform>
      <snapped>true</snapped>
      <childlist count="1">
        <childid>12</childid>
      </childlist>
      <symmetric>8</symmetric>
      <handles count="1">
        <weight channel="0xf320ba37">0.0546670</weight>
      </handles>
      <isasymmetric>false</isasymmetric>
    </blockref>
    <blockref>
      <blockid>0x40626000, 0x15d2288c</blockid>
      <transform>
        <basemusclescale>0.550000</basemusclescale>
        <scale>0.798516</scale>
        <position>0.193301,-0.254934,0.151278</position>
        <triangledirection>0,1,0</triangledirection>
        <trianglepickorigin>0,0,0</trianglepickorigin>
        <orientation>
          <row0>1,0,0</row0>
          <row1>0,1,0</row1>
          <row2>0,0,1</row2>
        </orientation>
      </transform>
      <snapped>true</snapped>
      <symmetric>12</symmetric>
      <handles count="2">
        <weight channel="0x2e6521f4">0.0173966</weight>
        <weight channel="0x7cc96c02">0</weight>
      </handles>
      <isasymmetric>false</isasymmetric>
    </blockref>
    <blockref>
      <blockid>0x40626000, 0x8aeb9f1a</blockid>
      <transform>
        <basemusclescale>0.550000</basemusclescale>
        <scale>0.798516</scale>
        <position>-0.193301,-0.254934,0.151278</position>
        <triangledirection>0,1,0</triangledirection>
        <trianglepickorigin>0,0,0</trianglepickorigin>
        <orientation>
          <row0>1,0,0</row0>
          <row1>0,1,0</row1>
          <row2>0,0,1</row2>
        </orientation>
      </transform>
      <snapped>true</snapped>
      <symmetric>11</symmetric>
      <handles count="2">
        <weight channel="0x2e6521f4">0.0173966</weight>
        <weight channel="0x7cc96c02">0</weight>
      </handles>
      <isasymmetric>false</isasymmetric>
    </blockref>
    <blockref>
      <blockid>0x40626000, 0xd621ad4b</blockid>
      <transform>
        <limbtype>0</limbtype>
        <musclescale>0</musclescale>
        <basemusclescale>0.550000</basemusclescale>
        <scale>1</scale>
        <position>0.120380,0.174324,0.373932</position>
        <triangledirection>-0.898034,-0.0837744,0.431874</triangledirection>
        <trianglepickorigin>0,0,0</trianglepickorigin>
        <orientation>
          <row0>0.104036,-0.994296,0.0234605</row0>
          <row1>-0.898034,-0.0837744,0.431874</row1>
          <row2>-0.427446,-0.0659992,-0.901628</row2>
        </orientation>
      </transform>
      <snapped>false</snapped>
      <childlist count="1">
        <childid>14</childid>
      </childlist>
      <symmetric>16</symmetric>
      <handles count="1">
        <weight channel="0xf320ba37">0.0330160</weight>
      </handles>
      <isasymmetric>false</isasymmetric>
    </blockref>
    <blockref>
      <blockid>0x40626000, 0x2051ae2d</blockid>
      <transform>
        <limbtype>0</limbtype>
        <musclescale>0</musclescale>
        <basemusclescale>0.600000</basemusclescale>
        <scale>1</scale>
        <position>0.239722,0.185457,0.316539</position>
        <triangledirection>-0.0353816,0.0198735,0.999176</triangledirection>
        <trianglepickorigin>0,0,0</trianglepickorigin>
        <orientation>
          <row0>0.104036,-0.994296,0.0234605</row0>
          <row1>-0.0353816,0.0198735,0.999176</row1>
          <row2>-0.993943,-0.104781,-0.0331122</row2>
        </orientation>
      </transform>
      <snapped>true</snapped>
      <childlist count="1">
        <childid>15</childid>
      </childlist>
      <symmetric>17</symmetric>
      <handles count="1">
        <weight channel="0xf320ba37">0.0439784</weight>
      </handles>
      <isasymmetric>false</isasymmetric>
    </blockref>
    <blockref>
      <blockid>0x40626000, 0x15d2288c</blockid>
      <transform>
        <basemusclescale>0.550000</basemusclescale>
        <scale>0.798515</scale>
        <position>0.245574,0.182170,0.151279</position>
        <triangledirection>0,1,0</triangledirection>
        <trianglepickorigin>0,0,0</trianglepickorigin>
        <orientation>
          <row0>1,0,0</row0>
          <row1>0,1,0</row1>
          <row2>0,0,1</row2>
        </orientation>
      </transform>
      <snapped>true</snapped>
      <symmetric>18</symmetric>
      <handles count="2">
        <weight channel="0x2e6521f4">0</weight>
        <weight channel="0x7cc96c02">0</weight>
      </handles>
      <isasymmetric>false</isasymmetric>
    </blockref>
    <blockref>
      <blockid>0x40626000, 0xd621ad4b</blockid>
      <transform>
        <limbtype>0</limbtype>
        <musclescale>0</musclescale>
        <basemusclescale>0.550000</basemusclescale>
        <scale>1</scale>
        <position>-0.120380,0.174324,0.373932</position>
        <triangledirection>0.898033,-0.0837743,0.431877</triangledirection>
        <trianglepickorigin>0,0,0</trianglepickorigin>
        <orientation>
          <row0>0.104036,0.994296,-0.0234604</row0>
          <row1>0.898033,-0.0837743,0.431877</row1>
          <row2>0.427449,-0.0659994,-0.901627</row2>
        </orientation>
      </transform>
      <snapped>false</snapped>
      <childlist count="1">
        <childid>17</childid>
      </childlist>
      <symmetric>13</symmetric>
      <handles count="1">
        <weight channel="0xf320ba37">0.0330160</weight>
      </handles>
      <isasymmetric>false</isasymmetric>
    </blockref>
    <blockref>
      <blockid>0x40626000, 0x2051ae2d</blockid>
      <transform>
        <limbtype>0</limbtype>
        <musclescale>0</musclescale>
        <basemusclescale>0.600000</basemusclescale>
        <scale>1</scale>
        <position>-0.239722,0.185457,0.316538</position>
        <triangledirection>0.0353816,0.0198734,0.999176</triangledirection>
        <trianglepickorigin>0,0,0</trianglepickorigin>
        <orientation>
          <row0>0.104036,0.994296,-0.0234604</row0>
          <row1>0.0353816,0.0198734,0.999176</row1>
          <row2>0.993943,-0.104781,-0.0331122</row2>
        </orientation>
      </transform>
      <snapped>true</snapped>
      <childlist count="1">
        <childid>18</childid>
      </childlist>
      <symmetric>14</symmetric>
      <handles count="1">
        <weight channel="0xf320ba37">0.0439785</weight>
      </handles>
      <isasymmetric>false</isasymmetric>
    </blockref>
    <blockref>
      <blockid>0x40626000, 0x8aeb9f1a</blockid>
      <transform>
        <basemusclescale>0.550000</basemusclescale>
        <scale>0.798515</scale>
        <position>-0.245574,0.182170,0.151278</position>
        <triangledirection>0,1,0</triangledirection>
        <trianglepickorigin>0,0,0</trianglepickorigin>
        <orientation>
          <row0>1,0,0</row0>
          <row1>0,1,0</row1>
          <row2>0,0,1</row2>
        </orientation>
      </transform>
      <snapped>true</snapped>
      <symmetric>15</symmetric>
      <handles count="2">
        <weight channel="0x2e6521f4">0</weight>
        <weight channel="0x7cc96c02">0</weight>
      </handles>
      <isasymmetric>false</isasymmetric>
    </blockref>
    <blockref>
      <blockid>0x40626000, 0xd621ad4b</blockid>
      <transform>
        <limbtype>0</limbtype>
        <musclescale>0</musclescale>
        <basemusclescale>0.550000</basemusclescale>
        <scale>1</scale>
        <position>0.0927155,0.380445,0.415740</position>
        <triangledirection>-0.902637,0.0116997,0.430243</triangledirection>
        <trianglepickorigin>0,0,0</trianglepickorigin>
        <orientation>
          <row0>-0.178758,-0.919526,-0.350024</row0>
          <row1>-0.902637,0.0116997,0.430243</row1>
          <row2>-0.391525,0.392854,-0.832089</row2>
        </orientation>
      </transform>
      <snapped>false</snapped>
      <childlist count="1">
        <childid>20</childid>
      </childlist>
      <symmetric>22</symmetric>
      <handles count="1">
        <weight channel="0xf320ba37">0.0323298</weight>
      </handles>
      <isasymmetric>false</isasymmetric>
    </blockref>
    <blockref>
      <blockid>0x40626000, 0x2051ae2d</blockid>
      <transform>
        <limbtype>0</limbtype>
        <musclescale>0</musclescale>
        <basemusclescale>0.550000</basemusclescale>
        <scale>1</scale>
        <position>0.210832,0.378914,0.359440</position>
        <triangledirection>-0.152239,-0.325620,0.933163</triangledirection>
        <trianglepickorigin>0,0,0</trianglepickorigin>
        <orientation>
          <row0>-0.178758,-0.919526,-0.350024</row0>
          <row1>-0.152239,-0.325620,0.933163</row1>
          <row2>-0.972043,0.220098,-0.0817804</row2>
        </orientation>
      </transform>
      <snapped>true</snapped>
      <childlist count="1">
        <childid>21</childid>
      </childlist>
      <symmetric>23</symmetric>
      <handles count="1">
        <weight channel="0xf320ba37">0.0634299</weight>
      </handles>
      <isasymmetric>false</isasymmetric>
    </blockref>
    <blockref>
      <blockid>0x40626000, 0x15d2288c</blockid>
      <transform>
        <basemusclescale>0.550000</basemusclescale>
        <scale>0.798515</scale>
        <position>0.244792,0.451550,0.151279</position>
        <triangledirection>0,1,0</triangledirection>
        <trianglepickorigin>0,0,0</trianglepickorigin>
        <orientation>
          <row0>1,0,0</row0>
          <row1>0,1,0</row1>
          <row2>0,0,1</row2>
        </orientation>
      </transform>
      <snapped>true</snapped>
      <symmetric>24</symmetric>
      <handles count="2">
        <weight channel="0x2e6521f4">0</weight>
        <weight channel="0x7cc96c02">0</weight>
      </handles>
      <isasymmetric>false</isasymmetric>
    </blockref>
    <blockref>
      <blockid>0x40626000, 0xd621ad4b</blockid>
      <transform>
        <limbtype>0</limbtype>
        <musclescale>0</musclescale>
        <basemusclescale>0.550000</basemusclescale>
        <scale>1</scale>
        <position>-0.0927154,0.380445,0.415740</position>
        <triangledirection>0.902635,0.0116995,0.430245</triangledirection>
        <trianglepickorigin>0,0,0</trianglepickorigin>
        <orientation>
          <row0>-0.178758,0.919526,0.350023</row0>
          <row1>0.902635,0.0116995,0.430245</row1>
          <row2>0.391527,0.392854,-0.832088</row2>
        </orientation>
      </transform>
      <snapped>false</snapped>
      <childlist count="1">
        <childid>23</childid>
      </childlist>
      <symmetric>19</symmetric>
      <handles count="1">
        <weight channel="0xf320ba37">0.0323298</weight>
      </handles>
      <isasymmetric>false</isasymmetric>
    </blockref>
    <blockref>
      <blockid>0x40626000, 0x2051ae2d</blockid>
      <transform>
        <limbtype>0</limbtype>
        <musclescale>0</musclescale>
        <basemusclescale>0.550000</basemusclescale>
        <scale>1</scale>
        <position>-0.210832,0.378914,0.359439</position>
        <triangledirection>0.152238,-0.325619,0.933164</triangledirection>
        <trianglepickorigin>0,0,0</trianglepickorigin>
        <orientation>
          <row0>-0.178758,0.919526,0.350023</row0>
          <row1>0.152238,-0.325619,0.933164</row1>
          <row2>0.972043,0.220098,-0.0817803</row2>
        </orientation>
      </transform>
      <snapped>true</snapped>
      <childlist count="1">
        <childid>24</childid>
      </childlist>
      <symmetric>20</symmetric>
      <handles count="1">
        <weight channel="0xf320ba37">0.0634301</weight>
      </handles>
      <isasymmetric>false</isasymmetric>
    </blockref>
    <blockref>
      <blockid>0x40626000, 0x8aeb9f1a</blockid>
      <transform>
        <basemusclescale>0.550000</basemusclescale>
        <scale>0.798515</scale>
        <position>-0.244792,0.451550,0.151278</position>
        <triangledirection>0,1,0</triangledirection>
        <trianglepickorigin>0,0,0</trianglepickorigin>
        <orientation>
          <row0>1,0,0</row0>
          <row1>0,1,0</row1>
          <row2>0,0,1</row2>
        </orientation>
      </transform>
      <snapped>true</snapped>
      <symmetric>21</symmetric>
      <handles count="2">
        <weight channel="0x2e6521f4">0</weight>
        <weight channel="0x7cc96c02">0</weight>
      </handles>
      <isasymmetric>false</isasymmetric>
    </blockref>
    <blockref>
      <blockid>0x40626000, 0xd2fd63d0</blockid>
      <transform>
        <scale>2.551294</scale>
        <position>0,-0.0235726,0.558769</position>
        <triangledirection>0,0.233257,-0.972415</triangledirection>
        <trianglepickorigin>0,0,0</trianglepickorigin>
        <orientation>
          <row0>1.000000,0,0</row0>
          <row1>0,0.0816518,-0.996660</row1>
          <row2>0,0.996660,0.0816518</row2>
        </orientation>
        <userorientation>
          <userorientation_row0>-1.000000,0,0</userorientation_row0>
          <userorientation_row1>0,0.988213,0.153079</userorientation_row1>
          <userorientation_row2>0,0.153079,-0.988213</userorientation_row2>
        </userorientation>
      </transform>
      <snapped>false</snapped>
      <handles count="3">
        <weight channel="0x2e6521f4">0.198831</weight>
        <weight channel="0x7cc96c02">0.194600</weight>
        <weight channel="0xd02751de">0</weight>
      </handles>
      <isasymmetric>false</isasymmetric>
    </blockref>
    <blockref>
      <blockid>0x40626000, 0xd2fd63d0</blockid>
      <transform>
        <scale>2.551294</scale>
        <position>0,0.310812,0.544751</position>
        <triangledirection>0,-0.346118,-0.938190</triangledirection>
        <trianglepickorigin>0,0,0</trianglepickorigin>
        <orientation>
          <row0>1.000000,0,0</row0>
          <row1>0,-0.105925,-0.994374</row1>
          <row2>0,0.994374,-0.105925</row2>
        </orientation>
        <userorientation>
          <userorientation_row0>1,0,0</userorientation_row0>
          <userorientation_row1>0,0.969575,-0.244793</userorientation_row1>
          <userorientation_row2>0,0.244793,0.969575</userorientation_row2>
        </userorientation>
      </transform>
      <snapped>false</snapped>
      <handles count="3">
        <weight channel="0x2e6521f4">0.198831</weight>
        <weight channel="0x7cc96c02">0.194600</weight>
        <weight channel="0xd02751de">0</weight>
      </handles>
      <isasymmetric>false</isasymmetric>
    </blockref>
    <blockref>
      <blockid>0x40626000, 0x9343e65c</blockid>
      <transform>
        <scale>1.822118</scale>
        <position>0,0.503492,0.467528</position>
        <triangledirection>0,-0.694533,-0.719460</triangledirection>
        <trianglepickorigin>0,0,0</trianglepickorigin>
        <orientation>
          <row0>1,0,0</row0>
          <row1>0,-0.949875,-0.312629</row1>
          <row2>0,0.312629,-0.949875</row2>
        </orientation>
        <userorientation>
          <userorientation_row0>-1.000000,0,0</userorientation_row0>
          <userorientation_row1>0,0.884644,0.466265</userorientation_row1>
          <userorientation_row2>0,0.466265,-0.884644</userorientation_row2>
        </userorientation>
      </transform>
      <snapped>false</snapped>
      <handles count="2">
        <weight channel="0x2e6521f4">0.103207</weight>
        <weight channel="0xd02751de">0.619068</weight>
      </handles>
      <isasymmetric>false</isasymmetric>
    </blockref>
    <blockref>
      <blockid>0x40626000, 0x676ec1ce</blockid>
      <transform>
        <scale>0.626161</scale>
        <position>0,-0.514266,0.482326</position>
        <triangledirection>0,0.993442,-0.114334</triangledirection>
        <trianglepickorigin>0,0,0</trianglepickorigin>
        <orientation>
          <row0>1,0,0</row0>
          <row1>0,0.898536,0.438899</row1>
          <row2>0,-0.438899,0.898536</row2>
        </orientation>
        <userorientation>
          <userorientation_row0>1.000000,0,0</userorientation_row0>
          <userorientation_row1>0,0.842462,-0.538754</userorientation_row1>
          <userorientation_row2>0,0.538754,0.842462</userorientation_row2>
        </userorientation>
      </transform>
      <snapped>false</snapped>
      <handles count="2">
        <weight channel="0x2e6521f4">0.448457</weight>
        <weight channel="0xd02751de">0</weight>
      </handles>
      <isasymmetric>false</isasymmetric>
    </blockref>
    <blockref>
      <blockid>0x40626000, 0x51bea95e</blockid>
      <transform>
        <scale>2.151770</scale>
        <position>0.130108,-0.192596,0.527919</position>
        <triangledirection>-0.956251,0.0690790,-0.284274</triangledirection>
        <trianglepickorigin>0,0,0</trianglepickorigin>
        <orientation>
          <row0>-3.05326e-7,1,-1.86207e-7</row0>
          <row1>-0.853755,-3.57627e-7,-0.520674</row1>
          <row2>-0.520674,0,0.853755</row2>
        </orientation>
        <userorientation>
          <userorientation_row0>0.997433,-0.0619381,-0.0359249</userorientation_row0>
          <userorientation_row1>0.0690794,0.964419,0.255194</userorientation_row1>
          <userorientation_row2>0.0188404,-0.257021,0.966222</userorientation_row2>
        </userorientation>
      </transform>
      <snapped>false</snapped>
      <symmetric>30</symmetric>
      <handles count="1">
        <weight channel="0x2e6521f4">0.566488</weight>
      </handles>
      <isasymmetric>false</isasymmetric>
    </blockref>
    <blockref>
      <blockid>0x40626000, 0xb469bed0</blockid>
      <transform>
        <scale>2.151770</scale>
        <position>-0.130108,-0.192596,0.527919</position>
        <triangledirection>0.956251,0.0690790,-0.284274</triangledirection>
        <trianglepickorigin>0,0,0</trianglepickorigin>
        <orientation>
          <row0>-3.05326e-7,-1,1.86207e-7</row0>
          <row1>0.853755,-3.57627e-7,-0.520674</row1>
          <row2>0.520674,0,0.853755</row2>
        </orientation>
        <userorientation>
          <userorientation_row0>0.997433,0.0619381,0.0359249</userorientation_row0>
          <userorientation_row1>-0.0690794,0.964419,0.255194</userorientation_row1>
          <userorientation_row2>-0.0188404,-0.257020,0.966222</userorientation_row2>
        </userorientation>
      </transform>
      <snapped>false</snapped>
      <symmetric>29</symmetric>
      <handles count="1">
        <weight channel="0x2e6521f4">0.566488</weight>
      </handles>
      <isasymmetric>false</isasymmetric>
    </blockref>
    <blockref>
      <blockid>0x40626000, 0xd05c53a3</blockid>
      <transform>
        <scale>0.505837</scale>
        <position>0,-0.331085,0.560419</position>
        <triangledirection>0,0.988830,-0.149042</triangledirection>
        <trianglepickorigin>0,0,0</trianglepickorigin>
        <orientation>
          <row0>1,0,0</row0>
          <row1>0,0.988830,-0.149042</row1>
          <row2>0,0.149042,0.988830</row2>
        </orientation>
      </transform>
      <snapped>false</snapped>
      <childlist count="2">
        <childid>36</childid>
        <childid>5</childid>
      </childlist>
      <isasymmetric>false</isasymmetric>
    </blockref>
    <blockref>
      <blockid>0x40626000, 0xd05c53a3</blockid>
      <transform>
        <scale>0.370636</scale>
        <position>0,-0.441244,0.574135</position>
        <triangledirection>0,0.995187,-0.0979917</triangledirection>
        <trianglepickorigin>0,0,0</trianglepickorigin>
        <orientation>
          <row0>1,0,0</row0>
          <row1>0,0.995187,-0.0979917</row1>
          <row2>0,0.0979917,0.995187</row2>
        </orientation>
      </transform>
      <snapped>false</snapped>
      <childlist count="3">
        <childid>33</childid>
        <childid>31</childid>
        <childid>28</childid>
      </childlist>
      <isasymmetric>false</isasymmetric>
    </blockref>
    <blockref>
      <blockid>0x40626000, 0x050d2810</blockid>
      <transform>
        <scale>1</scale>
        <position>0,-0.522322,0.499589</position>
        <triangledirection>0,0.995187,-0.0979915</triangledirection>
        <trianglepickorigin>0,0,0</trianglepickorigin>
        <orientation>
          <row0>1.000000,0,0</row0>
          <row1>0,0.979103,0.203361</row1>
          <row2>0,-0.203361,0.979103</row2>
        </orientation>
        <userorientation>
          <userorientation_row0>1,0,0</userorientation_row0>
          <userorientation_row1>0,0.954463,-0.298326</userorientation_row1>
          <userorientation_row2>0,0.298326,0.954463</userorientation_row2>
        </userorientation>
      </transform>
      <snapped>false</snapped>
      <childlist count="2">
        <childid>35</childid>
        <childid>34</childid>
      </childlist>
      <handles count="3">
        <weight channel="0xd02751de">0.5</weight>
        <weight channel="0x2e6521f4">0.329967</weight>
        <weight channel="0x7cc96c02">0.253746</weight>
      </handles>
      <isasymmetric>false</isasymmetric>
    </blockref>
    <blockref>
      <blockid>0x40626000, 0x66ca9f87</blockid>
      <transform>
        <scale>1</scale>
        <position>-0.0734277,-0.526322,0.599693</position>
        <triangledirection>0.459364,0.486107,-0.743427</triangledirection>
        <trianglepickorigin>0,0,0</trianglepickorigin>
        <orientation>
          <row0>0.707883,-0.706329,5.96046e-8</row0>
          <row1>0.509900,0.511022,-0.691995</row1>
          <row2>0.488776,0.489852,0.721901</row2>
        </orientation>
        <userorientation>
          <userorientation_row0>0.971162,1.86264e-9,-0.238417</userorientation_row0>
          <userorientation_row1>-0.0181750,0.997090,-0.0740336</userorientation_row1>
          <userorientation_row2>0.237724,0.0762320,0.968336</userorientation_row2>
        </userorientation>
      </transform>
      <snapped>false</snapped>
      <symmetric>35</symmetric>
      <isasymmetric>false</isasymmetric>
    </blockref>
    <blockref>
      <blockid>0x40626000, 0x26e995b1</blockid>
      <transform>
        <scale>1</scale>
        <position>0.0734277,-0.526322,0.599693</position>
        <triangledirection>-0.459364,0.486107,-0.743427</triangledirection>
        <trianglepickorigin>0,0,0</trianglepickorigin>
        <orientation>
          <row0>0.707883,0.706329,-4.47034e-8</row0>
          <row1>-0.509900,0.511022,-0.691995</row1>
          <row2>-0.488776,0.489852,0.721901</row2>
        </orientation>
        <userorientation>
          <userorientation_row0>0.971162,-1.86264e-9,0.238417</userorientation_row0>
          <userorientation_row1>0.0181750,0.997090,-0.0740336</userorientation_row1>
          <userorientation_row2>-0.237724,0.0762320,0.968336</userorientation_row2>
        </userorientation>
      </transform>
      <snapped>false</snapped>
      <symmetric>34</symmetric>
      <isasymmetric>false</isasymmetric>
    </blockref>
    <blockref>
      <blockid>0x40626000, 0xd2fd63d0</blockid>
      <transform>
        <scale>2.551294</scale>
        <position>0,-0.302255,0.583435</position>
        <triangledirection>0,-0.322658,-0.946515</triangledirection>
        <trianglepickorigin>0,0,0</trianglepickorigin>
        <orientation>
          <row0>1,0,0</row0>
          <row1>0,-0.176871,-0.984233</row1>
          <row2>0,0.984233,-0.176871</row2>
        </orientation>
        <userorientation>
          <userorientation_row0>-1,0,0</userorientation_row0>
          <userorientation_row1>0,0.988661,-0.150159</userorientation_row1>
          <userorientation_row2>0,-0.150159,-0.988661</userorientation_row2>
        </userorientation>
      </transform>
      <snapped>false</snapped>
      <childlist count="2">
        <childid>30</childid>
        <childid>29</childid>
      </childlist>
      <handles count="3">
        <weight channel="0x2e6521f4">0.198831</weight>
        <weight channel="0x7cc96c02">0.194600</weight>
        <weight channel="0xd02751de">0</weight>
      </handles>
      <isasymmetric>false</isasymmetric>
    </blockref>
    <blockref>
      <blockid>0x40626000, 0x9343e65c</blockid>
      <transform>
        <scale>2.281881</scale>
        <position>0,0.487709,0.399409</position>
        <triangledirection>0,0.647708,0.761888</triangledirection>
        <trianglepickorigin>0,0,0</trianglepickorigin>
        <orientation>
          <row0>1,0,0</row0>
          <row1>0,-0.813096,0.582128</row1>
          <row2>0,-0.582128,-0.813096</row2>
        </orientation>
        <userorientation>
          <userorientation_row0>-1.000000,0,0</userorientation_row0>
          <userorientation_row1>0,-0.0831331,-0.996538</userorientation_row1>
          <userorientation_row2>0,-0.996538,0.0831331</userorientation_row2>
        </userorientation>
      </transform>
      <snapped>false</snapped>
      <handles count="2">
        <weight channel="0x2e6521f4">0</weight>
        <weight channel="0xd02751de">0.257449</weight>
      </handles>
      <isasymmetric>false</isasymmetric>
    </blockref>
  </blocks></sporemodel>