<?xml version="1.0" encoding="UTF-8"?><sporemodel>
  <formatversion>18</formatversion>
  <properties>
    <modeltype>0x4178b8e8</modeltype>
    <skineffect1>0x8c7aa8c3</skineffect1>
    <skineffect2>0xea9d8441</skineffect2>
    <skineffect3>0x0628c255</skineffect3>
    <skineffectseed1>1234</skineffectseed1>
    <skineffectseed2>1234</skineffectseed2>
    <skineffectseed3>1234</skineffectseed3>
    <skincolor1>0.443137,0.105882,0.0823529</skincolor1>
    <skincolor2>0.282352,0.0862745,0.0156862</skincolor2>
    <skincolor3>0.282352,0.227450,0.203921</skincolor3>
    <zcorpscore>1</zcorpscore>
  </properties>
  <blocks count="39">
    <blockref>
      <blockid>0x40626000, 0xd05c53a3</blockid>
      <transform>
        <scale>0.489379</scale>
        <position>0,-0.103444,1.367233</position>
        <triangledirection>0,0.377038,-0.926197</triangledirection>
        <trianglepickorigin>0,0,0</trianglepickorigin>
        <orientation>
          <row0>0.999999,0,0</row0>
          <row1>0,0.377038,-0.926197</row1>
          <row2>0,0.926197,0.377038</row2>
        </orientation>
      </transform>
      <snapped>false</snapped>
      <childlist count="7">
        <childid>25</childid>
        <childid>22</childid>
        <childid>21</childid>
        <childid>20</childid>
        <childid>11</childid>
        <childid>10</childid>
        <childid>1</childid>
      </childlist>
      <isasymmetric>false</isasymmetric>
    </blockref>
    <blockref>
      <blockid>0x40626000, 0xd05c53a3</blockid>
      <transform>
        <scale>0.486780</scale>
        <position>0,-0.0808135,1.263810</position>
        <triangledirection>0,0.0442315,-0.999021</triangledirection>
        <trianglepickorigin>0,0,0</trianglepickorigin>
        <orientation>
          <row0>1.000000,0,0</row0>
          <row1>0,0.0442315,-0.999021</row1>
          <row2>0,0.999021,0.0442315</row2>
        </orientation>
      </transform>
      <snapped>false</snapped>
      <childlist count="2">
        <childid>30</childid>
        <childid>2</childid>
      </childlist>
      <isasymmetric>false</isasymmetric>
    </blockref>
    <blockref>
      <blockid>0x40626000, 0xd05c53a3</blockid>
      <transform>
        <scale>0.574622</scale>
        <position>0,-0.0634454,1.151479</position>
        <triangledirection>0,0.259543,-0.965731</triangledirection>
        <trianglepickorigin>0,0,0</trianglepickorigin>
        <orientation>
          <row0>1,0,0</row0>
          <row1>0,0.259543,-0.965731</row1>
          <row2>0,0.965731,0.259543</row2>
        </orientation>
      </transform>
      <snapped>false</snapped>
      <childlist count="6">
        <childid>28</childid>
        <childid>27</childid>
        <childid>26</childid>
        <childid>14</childid>
        <childid>13</childid>
        <childid>3</childid>
      </childlist>
      <isasymmetric>false</isasymmetric>
    </blockref>
    <blockref>
      <blockid>0x40626000, 0xd05c53a3</blockid>
      <transform>
        <scale>0.522715</scale>
        <position>0,-0.0133661,1.048760</position>
        <triangledirection>0,0.600962,-0.799277</triangledirection>
        <trianglepickorigin>0,0,0</trianglepickorigin>
        <orientation>
          <row0>1,0,0</row0>
          <row1>0,0.600962,-0.799277</row1>
          <row2>0,0.799277,0.600962</row2>
        </orientation>
      </transform>
      <snapped>false</snapped>
      <childlist count="2">
        <childid>32</childid>
        <childid>4</childid>
      </childlist>
      <isasymmetric>false</isasymmetric>
    </blockref>
    <blockref>
      <blockid>0x40626000, 0xd05c53a3</blockid>
      <transform>
        <scale>0.444882</scale>
        <position>0,0.0629725,0.964824</position>
        <triangledirection>0,0.738849,-0.673870</triangledirection>
        <trianglepickorigin>0,0,0</trianglepickorigin>
        <orientation>
          <row0>1.000000,0,0</row0>
          <row1>0,0.738849,-0.673870</row1>
          <row2>0,0.673870,0.738849</row2>
        </orientation>
      </transform>
      <snapped>false</snapped>
      <childlist count="1">
        <childid>5</childid>
      </childlist>
      <isasymmetric>false</isasymmetric>
    </blockref>
    <blockref>
      <blockid>0x40626000, 0xd05c53a3</blockid>
      <transform>
        <scale>0.425933</scale>
        <position>0,0.163309,0.910131</position>
        <triangledirection>0,0.966723,-0.255825</triangledirection>
        <trianglepickorigin>0,0,0</trianglepickorigin>
        <orientation>
          <row0>1,0,0</row0>
          <row1>0,0.966723,-0.255825</row1>
          <row2>0,0.255825,0.966723</row2>
        </orientation>
      </transform>
      <snapped>false</snapped>
      <childlist count="6">
        <childid>37</childid>
        <childid>31</childid>
        <childid>19</childid>
        <childid>12</childid>
        <childid>8</childid>
        <childid>6</childid>
      </childlist>
      <isasymmetric>false</isasymmetric>
    </blockref>
    <blockref>
      <blockid>0x40626000, 0xd621ad4b</blockid>
      <transform>
        <limbtype>0</limbtype>
        <musclescale>0.500000</musclescale>
        <basemusclescale>0.5</basemusclescale>
        <scale>1</scale>
        <position>0.0794880,0.190727,0.850299</position>
        <triangledirection>-0.208603,0.211617,0.954831</triangledirection>
        <trianglepickorigin>0,0,0</trianglepickorigin>
        <orientation>
          <row0>-0.976510,0.00879149,-0.215288</row0>
          <row1>-0.208603,0.211617,0.954831</row1>
          <row2>0.0539532,0.977312,-0.204813</row2>
        </orientation>
      </transform>
      <snapped>false</snapped>
      <childlist count="3">
        <childid>35</childid>
        <childid>15</childid>
        <childid>7</childid>
      </childlist>
      <symmetric>8</symmetric>
      <handles count="1">
        <weight channel="0xf320ba37">0.102178</weight>
      </handles>
      <isasymmetric>false</isasymmetric>
    </blockref>
    <blockref>
      <blockid>0x40626000, 0x2051ae2d</blockid>
      <transform>
        <limbtype>0</limbtype>
        <musclescale>0.474999</musclescale>
        <basemusclescale>0.950000</basemusclescale>
        <scale>1</scale>
        <position>0.149987,0.119209,0.527605</position>
        <triangledirection>-0.209325,-0.275579,0.938210</triangledirection>
        <trianglepickorigin>0,0,0</trianglepickorigin>
        <orientation>
          <row0>-0.976511,0.00879148,-0.215288</row0>
          <row1>-0.209325,-0.275579,0.938210</row1>
          <row2>-0.0510807,0.961238,0.270946</row2>
        </orientation>
      </transform>
      <snapped>true</snapped>
      <childlist count="1">
        <childid>17</childid>
      </childlist>
      <symmetric>9</symmetric>
      <handles count="1">
        <weight channel="0xf320ba37">0.118095</weight>
      </handles>
      <isasymmetric>false</isasymmetric>
    </blockref>
    <blockref>
      <blockid>0x40626000, 0xd621ad4b</blockid>
      <transform>
        <limbtype>0</limbtype>
        <musclescale>0.500000</musclescale>
        <basemusclescale>0.550000</basemusclescale>
        <scale>1</scale>
        <position>-0.0794880,0.190727,0.850299</position>
        <triangledirection>0.208730,0.211746,0.954774</triangledirection>
        <trianglepickorigin>0,0,0</trianglepickorigin>
        <orientation>
          <row0>-0.976480,-0.00879833,0.215427</row0>
          <row1>0.208730,0.211746,0.954774</row1>
          <row2>-0.0540164,0.977285,-0.204929</row2>
        </orientation>
      </transform>
      <snapped>false</snapped>
      <childlist count="3">
        <childid>34</childid>
        <childid>16</childid>
        <childid>9</childid>
      </childlist>
      <symmetric>6</symmetric>
      <handles count="1">
        <weight channel="0xf320ba37">0.102109</weight>
      </handles>
      <isasymmetric>false</isasymmetric>
    </blockref>
    <blockref>
      <blockid>0x40626000, 0x2051ae2d</blockid>
      <transform>
        <limbtype>0</limbtype>
        <musclescale>0.474999</musclescale>
        <basemusclescale>0.950000</basemusclescale>
        <scale>1</scale>
        <position>-0.149987,0.119209,0.527820</position>
        <triangledirection>0.209451,-0.275745,0.938133</triangledirection>
        <trianglepickorigin>0,0,0</trianglepickorigin>
        <orientation>
          <row0>-0.976480,-0.00879833,0.215427</row0>
          <row1>0.209451,-0.275745,0.938133</row1>
          <row2>0.0511490,0.961190,0.271102</row2>
        </orientation>
      </transform>
      <snapped>true</snapped>
      <childlist count="1">
        <childid>18</childid>
      </childlist>
      <symmetric>7</symmetric>
      <handles count="1">
        <weight channel="0xf320ba37">0.118017</weight>
      </handles>
      <isasymmetric>false</isasymmetric>
    </blockref>
    <blockref>
      <blockid>0x40626000, 0xfe534766</blockid>
      <transform>
        <scale>0.860707</scale>
        <position>0,-0.278865,1.300705</position>
        <triangledirection>0,0.882851,0.469651</triangledirection>
        <trianglepickorigin>0,0,0</trianglepickorigin>
        <orientation>
          <row0>1.000000,0,0</row0>
          <row1>0,0.984694,0.174289</row1>
          <row2>0,-0.174289,0.984694</row2>
        </orientation>
        <userorientation>
          <userorientation_row0>1.000000,0,0</userorientation_row0>
          <userorientation_row1>0,0.951194,0.308591</userorientation_row1>
          <userorientation_row2>0,-0.308591,0.951194</userorientation_row2>
        </userorientation>
      </transform>
      <snapped>false</snapped>
      <handles count="3">
        <weight channel="0x5cd5a8cf">0.500844</weight>
        <weight channel="0xad8f2a88">0.496167</weight>
        <weight channel="0xb85f7b8e">0.499900</weight>
      </handles>
      <isasymmetric>false</isasymmetric>
    </blockref>
    <blockref>
      <blockid>0x40626000, 0xb27070ce</blockid>
      <transform>
        <scale>2.281882</scale>
        <position>0,-0.239111,1.421914</position>
        <triangledirection>0,0.867136,-0.498071</triangledirection>
        <trianglepickorigin>0,0,0</trianglepickorigin>
        <orientation>
          <row0>1,0,0</row0>
          <row1>0,0.600722,-0.799458</row1>
          <row2>0,0.799457,0.600722</row2>
        </orientation>
        <userorientation>
          <userorientation_row0>1,0,0</userorientation_row0>
          <userorientation_row1>0,0.919094,0.394036</userorientation_row1>
          <userorientation_row2>0,-0.394036,0.919094</userorientation_row2>
        </userorientation>
      </transform>
      <snapped>false</snapped>
      <isasymmetric>false</isasymmetric>
    </blockref>
    <blockref>
      <blockid>0x40626000, 0x245b71f9</blockid>
      <transform>
        <scale>1</scale>
        <position>0,0.234970,0.823200</position>
        <triangledirection>0,-0.998358,0.0572817</triangledirection>
        <trianglepickorigin>0,0,0</trianglepickorigin>
        <orientation>
          <row0>1.000000,0,0</row0>
          <row1>0,-0.973154,0.230152</row1>
          <row2>0,-0.230152,-0.973154</row2>
        </orientation>
        <userorientation>
          <userorientation_row0>1.000000,0,0</userorientation_row0>
          <userorientation_row1>0,0.984740,0.174030</userorientation_row1>
          <userorientation_row2>0,-0.174030,0.984740</userorientation_row2>
        </userorientation>
      </transform>
      <snapped>false</snapped>
      <handles count="2">
        <weight channel="0x2e6521f4">0.0315274</weight>
        <weight channel="0xd02751de">0.501097</weight>
      </handles>
      <isasymmetric>false</isasymmetric>
    </blockref>
    <blockref>
      <blockid>0x40626000, 0x51bea95b</blockid>
      <transform>
        <scale>2.5</scale>
        <position>0.120585,-0.136711,1.158139</position>
        <triangledirection>-0.981070,-0.169811,-0.0930808</triangledirection>
        <trianglepickorigin>0,0,0</trianglepickorigin>
        <orientation>
          <row0>6.63423e-8,1,-3.39088e-8</row0>
          <row1>-0.985415,5.96046e-8,-0.170164</row1>
          <row2>-0.170164,4.47034e-8,0.985415</row2>
        </orientation>
        <userorientation>
          <userorientation_row0>0.812754,0.182806,-0.553183</userorientation_row0>
          <userorientation_row1>-0.169811,0.982601,0.0752205</userorientation_row1>
          <userorientation_row2>0.557310,0.0328009,0.829656</userorientation_row2>
        </userorientation>
      </transform>
      <snapped>false</snapped>
      <symmetric>14</symmetric>
      <handles count="1">
        <weight channel="0x2e6521f4">1</weight>
      </handles>
      <isasymmetric>false</isasymmetric>
    </blockref>
    <blockref>
      <blockid>0x40626000, 0xd4e55d6d</blockid>
      <transform>
        <scale>2.5</scale>
        <position>-0.120585,-0.136711,1.158139</position>
        <triangledirection>0.981070,-0.169811,-0.0930808</triangledirection>
        <trianglepickorigin>0,0,0</trianglepickorigin>
        <orientation>
          <row0>6.63423e-8,-1.000000,3.39088e-8</row0>
          <row1>0.985415,5.96046e-8,-0.170164</row1>
          <row2>0.170164,4.47034e-8,0.985415</row2>
        </orientation>
        <userorientation>
          <userorientation_row0>0.812754,-0.182806,0.553183</userorientation_row0>
          <userorientation_row1>0.169811,0.982601,0.0752205</userorientation_row1>
          <userorientation_row2>-0.557310,0.0328009,0.829656</userorientation_row2>
        </userorientation>
      </transform>
      <snapped>false</snapped>
      <symmetric>13</symmetric>
      <handles count="1">
        <weight channel="0x2e6521f4">1</weight>
      </handles>
      <isasymmetric>false</isasymmetric>
    </blockref>
    <blockref>
      <blockid>0x40626000, 0x2ec1c2f6</blockid>
      <transform>
        <scale>1</scale>
        <position>0.104397,0.233100,0.798788</position>
        <triangledirection>-0.167985,-0.283949,0.944009</triangledirection>
        <trianglepickorigin>0,0,0</trianglepickorigin>
        <orientation>
          <row0>-0.950381,0.310395,-0.0207244</row0>
          <row1>-0.310703,-0.943801,0.112706</row1>
          <row2>0.0154239,0.113553,0.993412</row2>
        </orientation>
        <userorientation>
          <userorientation_row0>0.992666,-0.120887,-2.60770e-8</userorientation_row0>
          <userorientation_row1>0.0519492,0.426581,0.902955</userorientation_row1>
          <userorientation_row2>-0.109155,-0.896333,0.429733</userorientation_row2>
        </userorientation>
      </transform>
      <snapped>false</snapped>
      <symmetric>16</symmetric>
      <handles count="2">
        <weight channel="0x7cc96c02">0.0440056</weight>
        <weight channel="0x2e6521f4">0.333000</weight>
      </handles>
      <isasymmetric>false</isasymmetric>
    </blockref>
    <blockref>
      <blockid>0x40626000, 0x0959f998</blockid>
      <transform>
        <scale>1</scale>
        <position>-0.104406,0.233093,0.798786</position>
        <triangledirection>0.168127,-0.283823,0.944021</triangledirection>
        <trianglepickorigin>0,0,0</trianglepickorigin>
        <orientation>
          <row0>-0.950367,-0.310427,0.0208968</row0>
          <row1>0.310754,-0.943775,0.112783</row1>
          <row2>-0.0152890,0.113679,0.993399</row2>
        </orientation>
        <userorientation>
          <userorientation_row0>0.992666,0.120887,2.23517e-8</userorientation_row0>
          <userorientation_row1>-0.0519492,0.426581,0.902955</userorientation_row1>
          <userorientation_row2>0.109155,-0.896333,0.429733</userorientation_row2>
        </userorientation>
      </transform>
      <snapped>false</snapped>
      <symmetric>15</symmetric>
      <handles count="2">
        <weight channel="0x7cc96c02">0.0440056</weight>
        <weight channel="0x2e6521f4">0.333000</weight>
      </handles>
      <isasymmetric>false</isasymmetric>
    </blockref>
    <blockref>
      <blockid>0x40626000, 0x7c830515</blockid>
      <transform>
        <basemusclescale>1.066906</basemusclescale>
        <scale>0.860707</scale>
        <position>0.230609,0.225349,0.166250</position>
        <triangledirection>-0.155087,0.987900,0</triangledirection>
        <trianglepickorigin>0,0,0</trianglepickorigin>
        <orientation>
          <row0>1,0,0</row0>
          <row1>0,1,0</row1>
          <row2>0,0,1</row2>
        </orientation>
        <userorientation>
          <userorientation_row0>0.987900,0.155087,0</userorientation_row0>
          <userorientation_row1>-0.155087,0.987900,0</userorientation_row1>
          <userorientation_row2>0,0,1</userorientation_row2>
        </userorientation>
      </transform>
      <snapped>true</snapped>
      <childlist count="1">
        <childid>23</childid>
      </childlist>
      <symmetric>18</symmetric>
      <handles count="3">
        <weight channel="0x2e6521f4">0.195017</weight>
        <weight channel="0x7cc96c02">0</weight>
        <weight channel="0xd02751de">0.503918</weight>
      </handles>
      <isasymmetric>false</isasymmetric>
    </blockref>
    <blockref>
      <blockid>0x40626000, 0xf8b078c3</blockid>
      <transform>
        <basemusclescale>1.066906</basemusclescale>
        <scale>0.860707</scale>
        <position>-0.230609,0.225349,0.166713</position>
        <triangledirection>0.155087,0.987900,0</triangledirection>
        <trianglepickorigin>0,0,0</trianglepickorigin>
        <orientation>
          <row0>1,0,0</row0>
          <row1>0,1,0</row1>
          <row2>0,0,1</row2>
        </orientation>
        <userorientation>
          <userorientation_row0>0.987900,-0.155087,0</userorientation_row0>
          <userorientation_row1>0.155087,0.987900,0</userorientation_row1>
          <userorientation_row2>0,0,1</userorientation_row2>
        </userorientation>
      </transform>
      <snapped>true</snapped>
      <childlist count="1">
        <childid>24</childid>
      </childlist>
      <symmetric>17</symmetric>
      <handles count="3">
        <weight channel="0x2e6521f4">0.195017</weight>
        <weight channel="0x7cc96c02">0</weight>
        <weight channel="0xd02751de">0.503918</weight>
      </handles>
      <isasymmetric>false</isasymmetric>
    </blockref>
    <blockref>
      <blockid>0x40626000, 0x65c8072b</blockid>
      <transform>
        <scale>1</scale>
        <position>0,0.231278,0.812962</position>
        <triangledirection>0,-0.938905,0.344176</triangledirection>
        <trianglepickorigin>0,0,0</trianglepickorigin>
        <orientation>
          <row0>1.000000,0,0</row0>
          <row1>0,-0.938905,0.344176</row1>
          <row2>0,-0.344176,-0.938905</row2>
        </orientation>
      </transform>
      <snapped>false</snapped>
      <isasymmetric>false</isasymmetric>
    </blockref>
    <blockref>
      <blockid>0x40626000, 0x56e77082</blockid>
      <transform>
        <scale>1</scale>
        <position>0,-0.276364,1.295407</position>
        <triangledirection>0,0.981795,0.189940</triangledirection>
        <trianglepickorigin>0,0,0</trianglepickorigin>
        <orientation>
          <row0>1,0,0</row0>
          <row1>0,0.981795,0.189940</row1>
          <row2>0,-0.189940,0.981795</row2>
        </orientation>
      </transform>
      <snapped>false</snapped>
      <handles count="3">
        <weight channel="0xd02751de">0.613189</weight>
        <weight channel="0x2e6521f4">0</weight>
        <weight channel="0x7cc96c02">0</weight>
      </handles>
      <isasymmetric>false</isasymmetric>
    </blockref>
    <blockref>
      <blockid>0x40626000, 0xd2f53e77</blockid>
      <transform>
        <scale>1.161834</scale>
        <position>0.106493,-0.177812,1.342384</position>
        <triangledirection>-0.740877,0.238671,-0.627802</triangledirection>
        <trianglepickorigin>0,0,0</trianglepickorigin>
        <orientation>
          <row0>0.0331927,0.999448,2.09547e-8</row0>
          <row1>-0.993342,0.0329899,-0.110369</row1>
          <row2>-0.110308,0.00366344,0.993890</row2>
        </orientation>
        <userorientation>
          <userorientation_row0>0.974031,-0.219604,0.0551002</userorientation_row0>
          <userorientation_row1>0.213947,0.813109,-0.541367</userorientation_row1>
          <userorientation_row2>0.0740839,0.539097,0.838978</userorientation_row2>
        </userorientation>
      </transform>
      <snapped>false</snapped>
      <symmetric>22</symmetric>
      <handles count="2">
        <weight channel="0x2e6521f4">1</weight>
        <weight channel="0xd02751de">0.393450</weight>
      </handles>
      <isasymmetric>false</isasymmetric>
    </blockref>
    <blockref>
      <blockid>0x40626000, 0x92211df1</blockid>
      <transform>
        <scale>1.161834</scale>
        <position>-0.106493,-0.177812,1.342384</position>
        <triangledirection>0.740877,0.238670,-0.627802</triangledirection>
        <trianglepickorigin>0,0,0</trianglepickorigin>
        <orientation>
          <row0>0.0331927,-0.999448,-2.09547e-8</row0>
          <row1>0.993342,0.0329899,-0.110369</row1>
          <row2>0.110308,0.00366344,0.993890</row2>
        </orientation>
        <userorientation>
          <userorientation_row0>0.974031,0.219604,-0.0551002</userorientation_row0>
          <userorientation_row1>-0.213947,0.813109,-0.541367</userorientation_row1>
          <userorientation_row2>-0.0740839,0.539097,0.838978</userorientation_row2>
        </userorientation>
      </transform>
      <snapped>false</snapped>
      <symmetric>21</symmetric>
      <handles count="2">
        <weight channel="0x2e6521f4">1</weight>
        <weight channel="0xd02751de">0.393450</weight>
      </handles>
      <isasymmetric>false</isasymmetric>
    </blockref>
    <blockref>
      <blockid>0x40686000, 0xc75c961f</blockid>
      <transform>
        <scale>1</scale>
        <position>0.233633,0.137887,0.174274</position>
        <triangledirection>-0.325553,0.943827,0.0566188</triangledirection>
        <trianglepickorigin>0,0,0</trianglepickorigin>
        <orientation>
          <row0>0.915227,0.402936,-1.04308e-7</row0>
          <row1>-0.271433,0.616532,-0.739061</row1>
          <row2>-0.297794,0.676409,0.673638</row2>
        </orientation>
        <userorientation>
          <userorientation_row0>0.991523,-0.129927,2.23517e-8</userorientation_row0>
          <userorientation_row1>0.0823469,0.628421,0.773502</userorientation_row1>
          <userorientation_row2>-0.100498,-0.766945,0.633793</userorientation_row2>
        </userorientation>
      </transform>
      <snapped>false</snapped>
      <symmetric>24</symmetric>
      <handles count="1">
        <weight channel="0x7cc96c02">0</weight>
      </handles>
      <isasymmetric>false</isasymmetric>
    </blockref>
    <blockref>
      <blockid>0x40686000, 0xc75c961f</blockid>
      <transform>
        <scale>1</scale>
        <position>-0.233633,0.137887,0.174274</position>
        <triangledirection>0.325553,0.943826,0.0566188</triangledirection>
        <trianglepickorigin>0,0,0</trianglepickorigin>
        <orientation>
          <row0>0.915227,-0.402936,8.94069e-8</row0>
          <row1>0.271433,0.616532,-0.739061</row1>
          <row2>0.297794,0.676409,0.673638</row2>
        </orientation>
        <userorientation>
          <userorientation_row0>0.991523,0.129927,-1.49011e-8</userorientation_row0>
          <userorientation_row1>-0.0823469,0.628421,0.773502</userorientation_row1>
          <userorientation_row2>0.100498,-0.766945,0.633793</userorientation_row2>
        </userorientation>
      </transform>
      <snapped>false</snapped>
      <symmetric>23</symmetric>
      <handles count="1">
        <weight channel="0x7cc96c02">0</weight>
      </handles>
      <isasymmetric>false</isasymmetric>
    </blockref>
    <blockref>
      <blockid>0x40686000, 0xf55a573c</blockid>
      <transform>
        <scale>1</scale>
        <position>0,-0.109387,1.410108</position>
        <triangledirection>-1.84802e-8,-0.915528,-0.402253</triangledirection>
        <trianglepickorigin>0,0,0</trianglepickorigin>
        <orientation>
          <row0>2.19382e-8,-0.736124,0.676846</row0>
          <row1>-2.98023e-8,-0.676846,-0.736124</row1>
          <row2>1,-4.02232e-9,-3.67870e-8</row2>
        </orientation>
        <userorientation>
          <userorientation_row0>0.915780,-0.401679,0</userorientation_row0>
          <userorientation_row1>0.401679,0.915780,0</userorientation_row1>
          <userorientation_row2>0,0,1</userorientation_row2>
        </userorientation>
      </transform>
      <snapped>false</snapped>
      <handles count="2">
        <weight channel="0x2e6521f4">0</weight>
        <weight channel="0x7cc96c02">0</weight>
      </handles>
      <isasymmetric>false</isasymmetric>
    </blockref>
    <blockref>
      <blockid>0x40686000, 0x80462685</blockid>
      <transform>
        <scale>1</scale>
        <position>0,-0.236281,1.025783</position>
        <triangledirection>0,0.829419,0.558626</triangledirection>
        <trianglepickorigin>0,0,0</trianglepickorigin>
        <orientation>
          <row0>1,0,0</row0>
          <row1>0,0.829419,0.558626</row1>
          <row2>0,-0.558626,0.829419</row2>
        </orientation>
      </transform>
      <snapped>false</snapped>
      <handles count="2">
        <weight channel="0x2e6521f4">1</weight>
        <weight channel="0xd02751de">0.494789</weight>
      </handles>
      <isasymmetric>false</isasymmetric>
    </blockref>
    <blockref>
      <blockid>0x40686000, 0xb5b11a52</blockid>
      <transform>
        <scale>1</scale>
        <position>-0.103820,-0.210009,1.089961</position>
        <triangledirection>0.833030,0.495564,0.245920</triangledirection>
        <trianglepickorigin>0,0,0</trianglepickorigin>
        <orientation>
          <row0>0.511265,-0.859422,-1.49011e-8</row0>
          <row1>0.833030,0.495564,0.245920</row1>
          <row2>-0.211349,-0.125730,0.969290</row2>
        </orientation>
        <userorientation>
          <userorientation_row0>0.748843,0,-0.662747</userorientation_row0>
          <userorientation_row1>0,1,0</userorientation_row1>
          <userorientation_row2>0.662747,0,0.748843</userorientation_row2>
        </userorientation>
      </transform>
      <snapped>false</snapped>
      <childlist count="1">
        <childid>29</childid>
      </childlist>
      <symmetric>28</symmetric>
      <handles count="3">
        <weight channel="0x7cc96c02">0.376751</weight>
        <weight channel="0x503283aa">0.452364</weight>
        <weight channel="0xe20e2032">1</weight>
      </handles>
      <isasymmetric>false</isasymmetric>
    </blockref>
    <blockref>
      <blockid>0x40686000, 0x478a0094</blockid>
      <transform>
        <scale>1</scale>
        <position>0.103820,-0.210009,1.089961</position>
        <triangledirection>-0.833030,0.495564,0.245920</triangledirection>
        <trianglepickorigin>0,0,0</trianglepickorigin>
        <orientation>
          <row0>0.511265,0.859423,2.23517e-8</row0>
          <row1>-0.833030,0.495564,0.245920</row1>
          <row2>0.211349,-0.125730,0.969290</row2>
        </orientation>
        <userorientation>
          <userorientation_row0>0.748843,0,0.662747</userorientation_row0>
          <userorientation_row1>0,1,0</userorientation_row1>
          <userorientation_row2>-0.662747,0,0.748843</userorientation_row2>
        </userorientation>
      </transform>
      <snapped>false</snapped>
      <symmetric>27</symmetric>
      <handles count="3">
        <weight channel="0x7cc96c02">0.376751</weight>
        <weight channel="0x503283aa">0.452364</weight>
        <weight channel="0xe20e2032">1</weight>
      </handles>
      <isasymmetric>false</isasymmetric>
    </blockref>
    <blockref>
      <blockid>0x40686000, 0xd7382ff9</blockid>
      <transform>
        <scale>1</scale>
        <position>0,-0.335325,1.123611</position>
        <triangledirection>-6.17220e-12,0.959536,-0.281585</triangledirection>
        <trianglepickorigin>0,0,0</trianglepickorigin>
        <orientation>
          <row0>1,0,0</row0>
          <row1>0,0.626728,0.779237</row1>
          <row2>0,-0.779237,0.626728</row2>
        </orientation>
        <userorientation>
          <userorientation_row0>1,2.97790e-12,-5.44783e-12</userorientation_row0>
          <userorientation_row1>-6.17220e-12,0.381946,-0.924184</userorientation_row1>
          <userorientation_row2>-6.71355e-13,0.924184,0.381946</userorientation_row2>
        </userorientation>
      </transform>
      <snapped>false</snapped>
      <handles count="1">
        <weight channel="0x2e6521f4">0.237947</weight>
      </handles>
      <isasymmetric>false</isasymmetric>
    </blockref>
    <blockref>
      <blockid>0x40686000, 0xc75c961a</blockid>
      <transform>
        <scale>0.687289</scale>
        <position>0,-0.0396265,1.204779</position>
        <triangledirection>0,-0.974226,-0.225570</triangledirection>
        <trianglepickorigin>0,0,0</trianglepickorigin>
        <orientation>
          <row0>-1.000000,0,0</row0>
          <row1>0,-0.974226,-0.225570</row1>
          <row2>0,-0.225570,0.974227</row2>
        </orientation>
      </transform>
      <snapped>false</snapped>
      <childlist count="1">
        <childid>38</childid>
      </childlist>
      <handles count="1">
        <weight channel="0x7cc96c02">0.508193</weight>
      </handles>
      <isasymmetric>false</isasymmetric>
    </blockref>
    <blockref>
      <blockid>0x40686000, 0xc75c961a</blockid>
      <transform>
        <scale>0.687289</scale>
        <position>0,0.179418,0.928461</position>
        <triangledirection>0,-0.499897,-0.866084</triangledirection>
        <trianglepickorigin>0,0,0</trianglepickorigin>
        <orientation>
          <row0>-1,0,0</row0>
          <row1>0,-0.499897,-0.866084</row1>
          <row2>0,-0.866084,0.499897</row2>
        </orientation>
      </transform>
      <snapped>false</snapped>
      <handles count="1">
        <weight channel="0x7cc96c02">0.508193</weight>
      </handles>
      <isasymmetric>false</isasymmetric>
    </blockref>
    <blockref>
      <blockid>0x40686000, 0xc75c961a</blockid>
      <transform>
        <scale>0.860708</scale>
        <position>0,0.0186080,1.064970</position>
        <triangledirection>0,-0.843855,-0.536570</triangledirection>
        <trianglepickorigin>0,0,0</trianglepickorigin>
        <orientation>
          <row0>-1,0,0</row0>
          <row1>0,-0.843855,-0.536570</row1>
          <row2>0,-0.536570,0.843855</row2>
        </orientation>
        <userorientation>
          <userorientation_row0>-1,0,0</userorientation_row0>
          <userorientation_row1>0,1,0</userorientation_row1>
          <userorientation_row2>0,0,-1</userorientation_row2>
        </userorientation>
      </transform>
      <snapped>false</snapped>
      <childlist count="1">
        <childid>33</childid>
      </childlist>
      <handles count="1">
        <weight channel="0x7cc96c02">0.508193</weight>
      </handles>
      <isasymmetric>false</isasymmetric>
    </blockref>
    <blockref>
      <blockid>0x40686000, 0xc75c961a</blockid>
      <transform>
        <scale>0.860708</scale>
        <position>0,0.0430345,1.071955</position>
        <triangledirection>0,-0.843855,-0.536570</triangledirection>
        <trianglepickorigin>0,0,0</trianglepickorigin>
        <orientation>
          <row0>1,0,0</row0>
          <row1>0,-0.276223,-0.961093</row1>
          <row2>0,0.961093,-0.276223</row2>
        </orientation>
        <userorientation>
          <userorientation_row0>1,0,0</userorientation_row0>
          <userorientation_row1>0,0.748787,-0.662810</userorientation_row1>
          <userorientation_row2>0,0.662810,0.748787</userorientation_row2>
        </userorientation>
      </transform>
      <snapped>false</snapped>
      <handles count="1">
        <weight channel="0x7cc96c02">0.508193</weight>
      </handles>
      <isasymmetric>false</isasymmetric>
    </blockref>
    <blockref>
      <blockid>0x40686000, 0x38383baa</blockid>
      <transform>
        <scale>0.860708</scale>
        <position>-0.155303,0.0501544,0.554378</position>
        <triangledirection>0.107006,0.973698,-0.201146</triangledirection>
        <trianglepickorigin>0,0,0</trianglepickorigin>
        <orientation>
          <row0>0.994015,-0.109239,1.86264e-9</row0>
          <row1>0.107006,0.973698,-0.201146</row1>
          <row2>0.0219730,0.199942,0.979561</row2>
        </orientation>
        <userorientation>
          <userorientation_row0>0.991925,0,-0.126822</userorientation_row0>
          <userorientation_row1>0,1,0</userorientation_row1>
          <userorientation_row2>0.126822,0,0.991925</userorientation_row2>
        </userorientation>
      </transform>
      <snapped>false</snapped>
      <symmetric>35</symmetric>
      <handles count="2">
        <weight channel="0x2e6521f4">0.497357</weight>
        <weight channel="0xd02751de">0.496128</weight>
      </handles>
      <isasymmetric>false</isasymmetric>
    </blockref>
    <blockref>
      <blockid>0x40686000, 0xc774461c</blockid>
      <transform>
        <scale>0.860708</scale>
        <position>0.155303,0.0501544,0.554378</position>
        <triangledirection>-0.107006,0.973698,-0.201146</triangledirection>
        <trianglepickorigin>0,0,0</trianglepickorigin>
        <orientation>
          <row0>0.994015,0.109239,0</row0>
          <row1>-0.107006,0.973698,-0.201146</row1>
          <row2>-0.0219730,0.199942,0.979561</row2>
        </orientation>
        <userorientation>
          <userorientation_row0>0.991925,0,0.126822</userorientation_row0>
          <userorientation_row1>0,1,0</userorientation_row1>
          <userorientation_row2>-0.126822,0,0.991925</userorientation_row2>
        </userorientation>
      </transform>
      <snapped>false</snapped>
      <childlist count="1">
        <childid>36</childid>
      </childlist>
      <symmetric>34</symmetric>
      <handles count="2">
        <weight channel="0x2e6521f4">0.497357</weight>
        <weight channel="0xd02751de">0.496128</weight>
      </handles>
      <isasymmetric>false</isasymmetric>
    </blockref>
    <blockref>
      <blockid>0x40686000, 0xeb80753d</blockid>
      <transform>
        <scale>0.798516</scale>
        <position>0.265247,0.156900,0.475377</position>
        <triangledirection>-0.933652,-0.342143,-0.105978</triangledirection>
        <trianglepickorigin>0,0,0</trianglepickorigin>
        <orientation>
          <row0>-0.292662,0.956215,-1.26659e-7</row0>
          <row1>-0.864953,-0.264731,-0.426347</row1>
          <row2>-0.407680,-0.124775,0.904559</row2>
        </orientation>
        <userorientation>
          <userorientation_row0>0.989951,0.00756455,0.141207</userorientation_row0>
          <userorientation_row1>-0.0539170,0.943325,0.327458</userorientation_row1>
          <userorientation_row2>-0.130727,-0.331781,0.934254</userorientation_row2>
        </userorientation>
      </transform>
      <snapped>false</snapped>
      <handles count="1">
        <weight channel="0xe20e2032">1</weight>
      </handles>
      <isasymmetric>true</isasymmetric>
    </blockref>
    <blockref>
      <blockid>0x40686000, 0xeb807538</blockid>
      <transform>
        <scale>1</scale>
        <position>0,0.227683,0.806856</position>
        <triangledirection>0,-0.951901,0.306404</triangledirection>
        <trianglepickorigin>0,0,0</trianglepickorigin>
        <orientation>
          <row0>-1.000000,0,0</row0>
          <row1>0,-0.909429,0.415858</row1>
          <row2>0,0.415858,0.909429</row2>
        </orientation>
        <userorientation>
          <userorientation_row0>1.000000,0,0</userorientation_row0>
          <userorientation_row1>0,0.993107,-0.117202</userorientation_row1>
          <userorientation_row2>0,0.117202,0.993108</userorientation_row2>
        </userorientation>
      </transform>
      <snapped>false</snapped>
      <handles count="3">
        <weight channel="0x7cc96c02">0.332076</weight>
        <weight channel="0x503283aa">0.496183</weight>
        <weight channel="0xe20e2032">1</weight>
      </handles>
      <isasymmetric>false</isasymmetric>
    </blockref>
    <blockref>
      <blockid>0x40686000, 0xeb80753f</blockid>
      <transform>
        <scale>0.5</scale>
        <position>0,-0.0378328,1.286370</position>
        <triangledirection>0,-0.926270,0.376859</triangledirection>
        <trianglepickorigin>0,0,0</trianglepickorigin>
        <orientation>
          <row0>-1,0,0</row0>
          <row1>0,-0.999368,0.0355344</row1>
          <row2>0,0.0355344,0.999368</row2>
        </orientation>
        <userorientation>
          <userorientation_row0>1,0,0</userorientation_row0>
          <userorientation_row1>0,0.939077,0.343706</userorientation_row1>
          <userorientation_row2>0,-0.343706,0.939077</userorientation_row2>
        </userorientation>
      </transform>
      <snapped>false</snapped>
      <handles count="3">
        <weight channel="0x2d3bfa19">0.500910</weight>
        <weight channel="0x503283aa">0.233155</weight>
        <weight channel="0xe20e2032">1</weight>
      </handles>
      <isasymmetric>false</isasymmetric>
    </blockref>
  </blocks></sporemodel>