<?xml version="1.0" encoding="UTF-8"?><sporemodel>
  <formatversion>18</formatversion>
  <properties>
    <modeltype>0x4178b8e8</modeltype>
    <skineffect1>0x8ec5176c</skineffect1>
    <skineffect2>0x6937e719</skineffect2>
    <skineffect3>0x27dee652</skineffect3>
    <skineffectseed1>1234</skineffectseed1>
    <skineffectseed2>1234</skineffectseed2>
    <skineffectseed3>1234</skineffectseed3>
    <skincolor1>0.105881,0.105881,0.105881</skincolor1>
    <skincolor2>0.145098,0.145098,0.145098</skincolor2>
    <skincolor3>0,0,0</skincolor3>
    <zcorpscore>53</zcorpscore>
  </properties>
  <blocks count="111">
    <blockref>
      <blockid>0x40626000, 0xd05c53a3</blockid>
      <transform>
        <limbtype>0</limbtype>
        <musclescale>0</musclescale>
        <scale>0.845125</scale>
        <position>0,-0.177662,1.036204</position>
        <triangledirection>7.72616e-8,0.178468,0.983945</triangledirection>
        <trianglepickorigin>0,0,0</trianglepickorigin>
        <orientation>
          <row0>1.000000,-5.05043e-8,-6.93618e-8</row0>
          <row1>7.72616e-8,0.178468,0.983945</row1>
          <row2>-3.73146e-8,-0.983945,0.178468</row2>
        </orientation>
      </transform>
      <snapped>false</snapped>
      <childlist count="1">
        <childid>7</childid>
      </childlist>
      <isasymmetric>false</isasymmetric>
    </blockref>
    <blockref>
      <blockid>0x40626000, 0xd05c53a3</blockid>
      <transform>
        <limbtype>0</limbtype>
        <musclescale>0</musclescale>
        <scale>1.463114</scale>
        <position>0,-0.195416,0.926451</position>
        <triangledirection>-5.80146e-8,0.140803,0.990037</triangledirection>
        <trianglepickorigin>0,0,0</trianglepickorigin>
        <orientation>
          <row0>1.000000,-3.63904e-8,6.37738e-8</row0>
          <row1>-5.80146e-8,0.140803,0.990037</row1>
          <row2>-4.50074e-8,-0.990037,0.140803</row2>
        </orientation>
      </transform>
      <snapped>false</snapped>
      <childlist count="10">
        <childid>49</childid>
        <childid>48</childid>
        <childid>47</childid>
        <childid>44</childid>
        <childid>43</childid>
        <childid>42</childid>
        <childid>41</childid>
        <childid>38</childid>
        <childid>37</childid>
        <childid>0</childid>
      </childlist>
      <isasymmetric>false</isasymmetric>
    </blockref>
    <blockref>
      <blockid>0x40626000, 0xd05c53a3</blockid>
      <transform>
        <limbtype>0</limbtype>
        <musclescale>0</musclescale>
        <scale>1.339299</scale>
        <position>0,-0.212571,0.815806</position>
        <triangledirection>-1.00869e-7,0.165609,0.986191</triangledirection>
        <trianglepickorigin>0,0,0</trianglepickorigin>
        <orientation>
          <row0>1,5.88147e-9,1.01293e-7</row0>
          <row1>-1.00869e-7,0.165609,0.986191</row1>
          <row2>-1.09749e-8,-0.986191,0.165609</row2>
        </orientation>
      </transform>
      <snapped>false</snapped>
      <childlist count="1">
        <childid>1</childid>
      </childlist>
      <isasymmetric>false</isasymmetric>
    </blockref>
    <blockref>
      <blockid>0x40626000, 0xd05c53a3</blockid>
      <transform>
        <limbtype>0</limbtype>
        <musclescale>0</musclescale>
        <scale>1.839535</scale>
        <position>0,-0.219306,0.707501</position>
        <triangledirection>2.11295e-7,-0.0421466,0.999111</triangledirection>
        <trianglepickorigin>0,0,0</trianglepickorigin>
        <orientation>
          <row0>1.000000,1.16565e-7,-2.06565e-7</row0>
          <row1>2.11295e-7,-0.0421466,0.999111</row1>
          <row2>1.07756e-7,-0.999111,-0.0421466</row2>
        </orientation>
      </transform>
      <snapped>false</snapped>
      <childlist count="15">
        <childid>62</childid>
        <childid>61</childid>
        <childid>60</childid>
        <childid>59</childid>
        <childid>57</childid>
        <childid>56</childid>
        <childid>55</childid>
        <childid>54</childid>
        <childid>53</childid>
        <childid>52</childid>
        <childid>46</childid>
        <childid>45</childid>
        <childid>40</childid>
        <childid>39</childid>
        <childid>2</childid>
      </childlist>
      <isasymmetric>false</isasymmetric>
    </blockref>
    <blockref>
      <blockid>0x40626000, 0xd05c53a3</blockid>
      <transform>
        <limbtype>0</limbtype>
        <musclescale>0</musclescale>
        <scale>1.785580</scale>
        <position>0,-0.209509,0.597532</position>
        <triangledirection>-6.75102e-7,-0.135113,0.990830</triangledirection>
        <trianglepickorigin>0,0,0</trianglepickorigin>
        <orientation>
          <row0>1.000000,1.49585e-7,7.01748e-7</row0>
          <row1>-6.75102e-7,-0.135113,0.990830</row1>
          <row2>2.43029e-7,-0.990830,-0.135113</row2>
        </orientation>
      </transform>
      <snapped>false</snapped>
      <childlist count="2">
        <childid>68</childid>
        <childid>3</childid>
      </childlist>
      <isasymmetric>false</isasymmetric>
    </blockref>
    <blockref>
      <blockid>0x40626000, 0xd05c53a3</blockid>
      <transform>
        <limbtype>0</limbtype>
        <musclescale>0</musclescale>
        <scale>1.504526</scale>
        <position>0,-0.189126,0.489138</position>
        <triangledirection>1.08377e-6,-0.234053,0.972223</triangledirection>
        <trianglepickorigin>0,0,0</trianglepickorigin>
        <orientation>
          <row0>1,9.05003e-8,-1.09294e-6</row0>
          <row1>1.08377e-6,-0.234053,0.972223</row1>
          <row2>-1.67821e-7,-0.972223,-0.234053</row2>
        </orientation>
      </transform>
      <snapped>false</snapped>
      <childlist count="1">
        <childid>4</childid>
      </childlist>
      <isasymmetric>false</isasymmetric>
    </blockref>
    <blockref>
      <blockid>0x40626000, 0xd05c53a3</blockid>
      <transform>
        <limbtype>0</limbtype>
        <musclescale>0</musclescale>
        <scale>1.844069</scale>
        <position>0,-0.155181,0.385155</position>
        <triangledirection>-5.90971e-7,-0.384688,0.923046</triangledirection>
        <trianglepickorigin>0,0,0</trianglepickorigin>
        <orientation>
          <row0>1,-4.98796e-7,4.32361e-7</row0>
          <row1>-5.90971e-7,-0.384688,0.923046</row1>
          <row2>-2.94088e-7,-0.923046,-0.384688</row2>
        </orientation>
      </transform>
      <snapped>false</snapped>
      <childlist count="10">
        <childid>76</childid>
        <childid>75</childid>
        <childid>70</childid>
        <childid>69</childid>
        <childid>67</childid>
        <childid>66</childid>
        <childid>65</childid>
        <childid>64</childid>
        <childid>63</childid>
        <childid>5</childid>
      </childlist>
      <isasymmetric>false</isasymmetric>
    </blockref>
    <blockref>
      <blockid>0x40626000, 0xd05c53a3</blockid>
      <transform>
        <limbtype>0</limbtype>
        <musclescale>0</musclescale>
        <scale>0.843112</scale>
        <position>0,-0.154876,1.144789</position>
        <triangledirection>3.36322e-8,0.232147,0.972680</triangledirection>
        <trianglepickorigin>0,0,0</trianglepickorigin>
        <orientation>
          <row0>1,-4.18641e-8,-2.45852e-8</row0>
          <row1>3.36322e-8,0.232147,0.972680</row1>
          <row2>-3.50130e-8,-0.972680,0.232147</row2>
        </orientation>
      </transform>
      <snapped>false</snapped>
      <childlist count="6">
        <childid>58</childid>
        <childid>36</childid>
        <childid>35</childid>
        <childid>30</childid>
        <childid>29</childid>
        <childid>8</childid>
      </childlist>
      <isasymmetric>false</isasymmetric>
    </blockref>
    <blockref>
      <blockid>0x40626000, 0xd05c53a3</blockid>
      <transform>
        <limbtype>0</limbtype>
        <musclescale>0</musclescale>
        <scale>0.631297</scale>
        <position>0,-0.128040,1.252956</position>
        <triangledirection>-2.13520e-8,0.249391,0.968402</triangledirection>
        <trianglepickorigin>0,0,0</trianglepickorigin>
        <orientation>
          <row0>0.999999,-5.42890e-10,2.21885e-8</row0>
          <row1>-2.13520e-8,0.249391,0.968402</row1>
          <row2>-6.05935e-9,-0.968402,0.249391</row2>
        </orientation>
      </transform>
      <snapped>false</snapped>
      <childlist count="2">
        <childid>22</childid>
        <childid>9</childid>
      </childlist>
      <isasymmetric>false</isasymmetric>
    </blockref>
    <blockref>
      <blockid>0x40626000, 0xd05c53a3</blockid>
      <transform>
        <limbtype>0</limbtype>
        <musclescale>0</musclescale>
        <scale>0.559004</scale>
        <position>0,-0.0989105,1.360426</position>
        <triangledirection>2.90918e-9,0.273824,0.961779</triangledirection>
        <trianglepickorigin>0,0,0</trianglepickorigin>
        <orientation>
          <row0>1,-5.68520e-9,-1.40618e-9</row0>
          <row1>2.90918e-9,0.273824,0.961779</row1>
          <row2>-5.08286e-9,-0.961779,0.273824</row2>
        </orientation>
      </transform>
      <snapped>false</snapped>
      <childlist count="7">
        <childid>34</childid>
        <childid>33</childid>
        <childid>26</childid>
        <childid>23</childid>
        <childid>12</childid>
        <childid>11</childid>
        <childid>10</childid>
      </childlist>
      <isasymmetric>false</isasymmetric>
    </blockref>
    <blockref>
      <blockid>0x40626000, 0xd05c53a3</blockid>
      <transform>
        <limbtype>0</limbtype>
        <musclescale>0</musclescale>
        <scale>0.538933</scale>
        <position>0,-0.0721077,1.469676</position>
        <triangledirection>1.79995e-9,0.202398,0.979303</triangledirection>
        <trianglepickorigin>0,0,0</trianglepickorigin>
        <orientation>
          <row0>1.000000,-5.46387e-9,-7.08741e-10</row0>
          <row1>1.79995e-9,0.202398,0.979303</row1>
          <row2>-5.20734e-9,-0.979303,0.202398</row2>
        </orientation>
      </transform>
      <snapped>false</snapped>
      <childlist count="5">
        <childid>32</childid>
        <childid>31</childid>
        <childid>28</childid>
        <childid>27</childid>
        <childid>25</childid>
      </childlist>
      <isasymmetric>false</isasymmetric>
    </blockref>
    <blockref>
      <blockid>0x40626000, 0xec3b4b7e</blockid>
      <transform>
        <limbtype>0</limbtype>
        <musclescale>0</musclescale>
        <scale>0.927743</scale>
        <position>0.0626299,-0.100281,1.416293</position>
        <triangledirection>-0.192895,0.968266,-0.158901</triangledirection>
        <trianglepickorigin>0,0,0</trianglepickorigin>
        <orientation>
          <row0>0.845063,0.534665,-7.59959e-7</row0>
          <row1>-0.521371,0.824050,-0.221613</row1>
          <row2>-0.118488,0.187277,0.975134</row2>
        </orientation>
        <userorientation>
          <userorientation_row0>-0.934956,0.353798,0.0260632</userorientation_row0>
          <userorientation_row1>0.354690,0.933686,0.0492402</userorientation_row1>
          <userorientation_row2>-0.00691388,0.0552820,-0.998446</userorientation_row2>
        </userorientation>
      </transform>
      <snapped>false</snapped>
      <symmetric>12</symmetric>
      <isasymmetric>false</isasymmetric>
    </blockref>
    <blockref>
      <blockid>0x40626000, 0x7e262cf0</blockid>
      <transform>
        <limbtype>0</limbtype>
        <musclescale>0</musclescale>
        <scale>0.927743</scale>
        <position>-0.0626299,-0.100281,1.416293</position>
        <triangledirection>0.192895,0.968266,-0.158901</triangledirection>
        <trianglepickorigin>0,0,0</trianglepickorigin>
        <orientation>
          <row0>0.845063,-0.534665,7.59959e-7</row0>
          <row1>0.521371,0.824050,-0.221613</row1>
          <row2>0.118488,0.187277,0.975134</row2>
        </orientation>
        <userorientation>
          <userorientation_row0>-0.934956,-0.353798,-0.0260633</userorientation_row0>
          <userorientation_row1>-0.354690,0.933686,0.0492402</userorientation_row1>
          <userorientation_row2>0.00691389,0.0552820,-0.998446</userorientation_row2>
        </userorientation>
      </transform>
      <snapped>false</snapped>
      <symmetric>11</symmetric>
      <isasymmetric>false</isasymmetric>
    </blockref>
    <blockref>
      <blockid>0x40626000, 0xd05c53a3</blockid>
      <transform>
        <limbtype>0</limbtype>
        <musclescale>0</musclescale>
        <scale>1.285498</scale>
        <position>0,-0.105116,0.287963</position>
        <triangledirection>-1.76507e-7,-0.528182,0.849130</triangledirection>
        <trianglepickorigin>0,0,0</trianglepickorigin>
        <orientation>
          <row0>1,-1.92059e-8,1.95921e-7</row0>
          <row1>-1.76507e-7,-0.528182,0.849130</row1>
          <row2>8.71738e-8,-0.849130,-0.528182</row2>
        </orientation>
      </transform>
      <snapped>false</snapped>
      <childlist count="1">
        <childid>6</childid>
      </childlist>
      <isasymmetric>false</isasymmetric>
    </blockref>
    <blockref>
      <blockid>0x40626000, 0xd05c53a3</blockid>
      <transform>
        <limbtype>0</limbtype>
        <musclescale>0</musclescale>
        <scale>1.249445</scale>
        <position>0,-0.0399127,0.200302</position>
        <triangledirection>-7.62000e-8,-0.661303,0.750118</triangledirection>
        <trianglepickorigin>0,0,0</trianglepickorigin>
        <orientation>
          <row0>1.000000,1.07215e-6,1.04679e-6</row0>
          <row1>-7.62000e-8,-0.661303,0.750118</row1>
          <row2>1.49649e-6,-0.750118,-0.661303</row2>
        </orientation>
      </transform>
      <snapped>false</snapped>
      <childlist count="1">
        <childid>13</childid>
      </childlist>
      <isasymmetric>false</isasymmetric>
    </blockref>
    <blockref>
      <blockid>0x40626000, 0xdec3c22a</blockid>
      <transform>
        <limbtype>0</limbtype>
        <musclescale>0.325000</musclescale>
        <basemusclescale>0.600000</basemusclescale>
        <scale>1</scale>
        <position>0.0798496,0.0944864,0.0636117</position>
        <triangledirection>-0.750943,0.658928,0.0435554</triangledirection>
        <trianglepickorigin>0,0,0</trianglepickorigin>
        <orientation>
          <row0>0.453945,0.562987,-0.690636</row0>
          <row1>-0.750943,0.658928,0.0435554</row1>
          <row2>0.479601,0.498857,0.721889</row2>
        </orientation>
      </transform>
      <snapped>false</snapped>
      <childlist count="1">
        <childid>16</childid>
      </childlist>
      <symmetric>18</symmetric>
      <handles count="1">
        <weight channel="0xf320ba37">0.00457758</weight>
      </handles>
      <isasymmetric>false</isasymmetric>
    </blockref>
    <blockref>
      <blockid>0x40626000, 0x33fccc91</blockid>
      <transform>
        <limbtype>0</limbtype>
        <musclescale>0.125</musclescale>
        <basemusclescale>0.800000</basemusclescale>
        <scale>1</scale>
        <position>0.112583,0.0657600,0.0617126</position>
        <triangledirection>-0.457130,-0.518170,-0.722863</triangledirection>
        <trianglepickorigin>0,0,0</trianglepickorigin>
        <orientation>
          <row0>0.453945,0.562987,-0.690636</row0>
          <row1>-0.457130,-0.518170,-0.722863</row1>
          <row2>-0.764830,0.643851,0.0221375</row2>
        </orientation>
      </transform>
      <snapped>true</snapped>
      <childlist count="1">
        <childid>17</childid>
      </childlist>
      <symmetric>19</symmetric>
      <handles count="1">
        <weight channel="0xf320ba37">0.0289294</weight>
      </handles>
      <isasymmetric>false</isasymmetric>
    </blockref>
    <blockref>
      <blockid>0x40626000, 0x7f815c91</blockid>
      <transform>
        <limbtype>0</limbtype>
        <musclescale>0</musclescale>
        <basemusclescale>1.398320</basemusclescale>
        <scale>1.252320</scale>
        <position>0.167796,0.128343,0.149018</position>
        <triangledirection>-2.04307e-6,1,2.44703e-6</triangledirection>
        <trianglepickorigin>0,0,0</trianglepickorigin>
        <orientation>
          <row0>1,2.04307e-6,-1.38021e-6</row0>
          <row1>-2.04307e-6,1,2.44703e-6</row1>
          <row2>1.38022e-6,-2.44702e-6,1</row2>
        </orientation>
      </transform>
      <snapped>true</snapped>
      <symmetric>20</symmetric>
      <isasymmetric>false</isasymmetric>
    </blockref>
    <blockref>
      <blockid>0x40626000, 0xdec3c22a</blockid>
      <transform>
        <limbtype>0</limbtype>
        <musclescale>0.325000</musclescale>
        <basemusclescale>0.600000</basemusclescale>
        <scale>1</scale>
        <position>-0.0798496,0.0944864,0.0636117</position>
        <triangledirection>0.750943,0.658928,0.0435554</triangledirection>
        <trianglepickorigin>0,0,0</trianglepickorigin>
        <orientation>
          <row0>0.453945,-0.562987,0.690636</row0>
          <row1>0.750943,0.658928,0.0435554</row1>
          <row2>-0.479601,0.498857,0.721889</row2>
        </orientation>
      </transform>
      <snapped>false</snapped>
      <childlist count="1">
        <childid>19</childid>
      </childlist>
      <symmetric>15</symmetric>
      <handles count="1">
        <weight channel="0xf320ba37">0.00457758</weight>
      </handles>
      <isasymmetric>false</isasymmetric>
    </blockref>
    <blockref>
      <blockid>0x40626000, 0x33fccc91</blockid>
      <transform>
        <limbtype>0</limbtype>
        <musclescale>0.125</musclescale>
        <basemusclescale>0.800000</basemusclescale>
        <scale>1</scale>
        <position>-0.112583,0.0657600,0.0617126</position>
        <triangledirection>0.457130,-0.518170,-0.722863</triangledirection>
        <trianglepickorigin>0,0,0</trianglepickorigin>
        <orientation>
          <row0>0.453945,-0.562987,0.690636</row0>
          <row1>0.457130,-0.518170,-0.722863</row1>
          <row2>0.764830,0.643851,0.0221374</row2>
        </orientation>
      </transform>
      <snapped>true</snapped>
      <childlist count="1">
        <childid>20</childid>
      </childlist>
      <symmetric>16</symmetric>
      <handles count="1">
        <weight channel="0xf320ba37">0.0289294</weight>
      </handles>
      <isasymmetric>false</isasymmetric>
    </blockref>
    <blockref>
      <blockid>0x40626000, 0x4af28ce7</blockid>
      <transform>
        <limbtype>0</limbtype>
        <musclescale>0</musclescale>
        <basemusclescale>1.398320</basemusclescale>
        <scale>1.252320</scale>
        <position>-0.167796,0.128343,0.149018</position>
        <triangledirection>2.04307e-6,1,2.44703e-6</triangledirection>
        <trianglepickorigin>0,0,0</trianglepickorigin>
        <orientation>
          <row0>1,-2.04307e-6,1.38021e-6</row0>
          <row1>2.04307e-6,1,2.44703e-6</row1>
          <row2>-1.38022e-6,-2.44702e-6,1</row2>
        </orientation>
      </transform>
      <snapped>true</snapped>
      <symmetric>17</symmetric>
      <isasymmetric>false</isasymmetric>
    </blockref>
    <blockref>
      <blockid>0x40626000, 0xd05c53a3</blockid>
      <transform>
        <limbtype>0</limbtype>
        <musclescale>0</musclescale>
        <scale>1.001170</scale>
        <position>0,0.0300440,0.111794</position>
        <triangledirection>-1.07387e-7,-0.577099,0.816674</triangledirection>
        <trianglepickorigin>0,0,0</trianglepickorigin>
        <orientation>
          <row0>1,1.16216e-6,9.52731e-7</row0>
          <row1>-1.07387e-7,-0.577099,0.816674</row1>
          <row2>1.49893e-6,-0.816674,-0.577099</row2>
        </orientation>
      </transform>
      <snapped>false</snapped>
      <childlist count="3">
        <childid>18</childid>
        <childid>15</childid>
        <childid>14</childid>
      </childlist>
      <isasymmetric>false</isasymmetric>
    </blockref>
    <blockref>
      <blockid>0x40626000, 0x676ec1cc</blockid>
      <transform>
        <scale>0.5</scale>
        <position>0,-0.149481,1.286067</position>
        <triangledirection>0,0.999171,-0.0406977</triangledirection>
        <trianglepickorigin>0,0,0</trianglepickorigin>
        <orientation>
          <row0>1.000000,0,0</row0>
          <row1>0,0.932637,-0.360814</row1>
          <row2>0,0.360814,0.932637</row2>
        </orientation>
        <userorientation>
          <userorientation_row0>0.999998,0,0</userorientation_row0>
          <userorientation_row1>0,0.946549,0.322559</userorientation_row1>
          <userorientation_row2>0,-0.322559,0.946549</userorientation_row2>
        </userorientation>
      </transform>
      <snapped>false</snapped>
      <childlist count="1">
        <childid>24</childid>
      </childlist>
      <handles count="2">
        <weight channel="0x2e6521f4">0</weight>
        <weight channel="0xd02751de">0.5</weight>
      </handles>
      <isasymmetric>false</isasymmetric>
    </blockref>
    <blockref>
      <blockid>0x40686000, 0x7930b1a4</blockid>
      <transform>
        <scale>1.349858</scale>
        <position>0.0742199,-0.0907196,1.418491</position>
        <triangledirection>-0.621567,0.755570,-0.206801</triangledirection>
        <trianglepickorigin>0,0,0</trianglepickorigin>
        <orientation>
          <row0>0.772264,0.635300,1.71363e-7</row0>
          <row1>-0.621567,0.755570,-0.206801</row1>
          <row2>-0.131381,0.159705,0.978383</row2>
        </orientation>
      </transform>
      <snapped>false</snapped>
      <symmetric>26</symmetric>
      <handles count="2">
        <weight channel="0x2e6521f4">0</weight>
        <weight channel="0x7cc96c02">3.66230e-16</weight>
      </handles>
      <isasymmetric>false</isasymmetric>
    </blockref>
    <blockref>
      <blockid>0x40686000, 0x2c587a29</blockid>
      <transform>
        <scale>1</scale>
        <position>0,-0.155499,1.294420</position>
        <triangledirection>1.59337e-8,0.999171,-0.0406982</triangledirection>
        <trianglepickorigin>0,0,0</trianglepickorigin>
        <orientation>
          <row0>4.27936e-8,-0.696086,-0.717957</row0>
          <row1>5.96046e-8,0.717957,-0.696086</row1>
          <row2>1,-1.30055e-8,7.22140e-8</row2>
        </orientation>
        <userorientation>
          <userorientation_row0>-0.745692,-0.666289,0</userorientation_row0>
          <userorientation_row1>-0.666289,0.745692,0</userorientation_row1>
          <userorientation_row2>0,0,-1</userorientation_row2>
        </userorientation>
      </transform>
      <snapped>false</snapped>
      <handles count="2">
        <weight channel="0x7cc96c02">0.0732877</weight>
        <weight channel="0xd02751de">0.683899</weight>
      </handles>
      <isasymmetric>false</isasymmetric>
    </blockref>
    <blockref>
      <blockid>0x40686000, 0x2c587a28</blockid>
      <transform>
        <scale>1.690459</scale>
        <position>0,-0.0359883,1.540890</position>
        <triangledirection>0,-0.00904920,-0.999958</triangledirection>
        <trianglepickorigin>0,0,0</trianglepickorigin>
        <orientation>
          <row0>0,-0.878261,-0.478180</row0>
          <row1>0,0.478180,-0.878261</row1>
          <row2>1,0,0</row2>
        </orientation>
        <userorientation>
          <userorientation_row0>0.873898,-0.486108,0</userorientation_row0>
          <userorientation_row1>0.486108,0.873898,0</userorientation_row1>
          <userorientation_row2>0,0,1</userorientation_row2>
        </userorientation>
      </transform>
      <snapped>false</snapped>
      <handles count="2">
        <weight channel="0x7cc96c02">0.0792202</weight>
        <weight channel="0xd02751de">0.267342</weight>
      </handles>
      <isasymmetric>false</isasymmetric>
    </blockref>
    <blockref>
      <blockid>0x40686000, 0x664417e2</blockid>
      <transform>
        <scale>1.349858</scale>
        <position>-0.0742199,-0.0907196,1.418491</position>
        <triangledirection>0.621567,0.755570,-0.206801</triangledirection>
        <trianglepickorigin>0,0,0</trianglepickorigin>
        <orientation>
          <row0>0.772264,-0.635300,-1.78813e-7</row0>
          <row1>0.621567,0.755570,-0.206801</row1>
          <row2>0.131381,0.159705,0.978383</row2>
        </orientation>
      </transform>
      <snapped>false</snapped>
      <symmetric>23</symmetric>
      <handles count="2">
        <weight channel="0x2e6521f4">0</weight>
        <weight channel="0x7cc96c02">3.66230e-16</weight>
      </handles>
      <isasymmetric>false</isasymmetric>
    </blockref>
    <blockref>
      <blockid>0x40686000, 0x80462685</blockid>
      <transform>
        <scale>1</scale>
        <position>-0.117353,0.0188730,1.444966</position>
        <triangledirection>0.995199,-0.0812395,-0.0545653</triangledirection>
        <trianglepickorigin>0,0,0</trianglepickorigin>
        <orientation>
          <row0>-0.0813607,-0.996684,6.05359e-9</row0>
          <row1>0.995199,-0.0812395,-0.0545653</row1>
          <row2>0.0543844,-0.00443947,0.998510</row2>
        </orientation>
      </transform>
      <snapped>false</snapped>
      <symmetric>28</symmetric>
      <handles count="2">
        <weight channel="0x2e6521f4">0.506866</weight>
        <weight channel="0xd02751de">0.494789</weight>
      </handles>
      <isasymmetric>false</isasymmetric>
    </blockref>
    <blockref>
      <blockid>0x40686000, 0x41a96423</blockid>
      <transform>
        <scale>1</scale>
        <position>0.117353,0.0188730,1.444966</position>
        <triangledirection>-0.995199,-0.0812395,-0.0545653</triangledirection>
        <trianglepickorigin>0,0,0</trianglepickorigin>
        <orientation>
          <row0>-0.0813607,0.996684,-6.05359e-9</row0>
          <row1>-0.995199,-0.0812395,-0.0545653</row1>
          <row2>-0.0543844,-0.00443947,0.998510</row2>
        </orientation>
      </transform>
      <snapped>false</snapped>
      <symmetric>27</symmetric>
      <handles count="2">
        <weight channel="0x2e6521f4">0.506866</weight>
        <weight channel="0xd02751de">0.494789</weight>
      </handles>
      <isasymmetric>false</isasymmetric>
    </blockref>
    <blockref>
      <blockid>0x40686000, 0x80462685</blockid>
      <transform>
        <scale>1</scale>
        <position>-0.142358,-0.102584,1.211958</position>
        <triangledirection>0.818722,0.441831,-0.366713</triangledirection>
        <trianglepickorigin>0,0,0</trianglepickorigin>
        <orientation>
          <row0>0.474916,-0.880030,1.63912e-7</row0>
          <row1>0.818722,0.441831,-0.366713</row1>
          <row2>0.322718,0.174158,0.930333</row2>
        </orientation>
      </transform>
      <snapped>false</snapped>
      <symmetric>30</symmetric>
      <handles count="2">
        <weight channel="0x2e6521f4">0.506866</weight>
        <weight channel="0xd02751de">0.494789</weight>
      </handles>
      <isasymmetric>false</isasymmetric>
    </blockref>
    <blockref>
      <blockid>0x40686000, 0x41a96423</blockid>
      <transform>
        <scale>1</scale>
        <position>0.142358,-0.102584,1.211958</position>
        <triangledirection>-0.818722,0.441831,-0.366713</triangledirection>
        <trianglepickorigin>0,0,0</trianglepickorigin>
        <orientation>
          <row0>0.474916,0.880030,-1.63912e-7</row0>
          <row1>-0.818722,0.441831,-0.366713</row1>
          <row2>-0.322718,0.174158,0.930333</row2>
        </orientation>
      </transform>
      <snapped>false</snapped>
      <symmetric>29</symmetric>
      <handles count="2">
        <weight channel="0x2e6521f4">0.506866</weight>
        <weight channel="0xd02751de">0.494789</weight>
      </handles>
      <isasymmetric>false</isasymmetric>
    </blockref>
    <blockref>
      <blockid>0x40686000, 0x80462685</blockid>
      <transform>
        <scale>1.161834</scale>
        <position>0,-0.0957758,1.498730</position>
        <triangledirection>0,0.914472,-0.404648</triangledirection>
        <trianglepickorigin>0,0,0</trianglepickorigin>
        <orientation>
          <row0>1,0,0</row0>
          <row1>0,0.914472,-0.404648</row1>
          <row2>0,0.404648,0.914472</row2>
        </orientation>
      </transform>
      <snapped>false</snapped>
      <handles count="2">
        <weight channel="0x2e6521f4">0</weight>
        <weight channel="0xd02751de">0.494789</weight>
      </handles>
      <isasymmetric>false</isasymmetric>
    </blockref>
    <blockref>
      <blockid>0x40686000, 0x80462685</blockid>
      <transform>
        <scale>1</scale>
        <position>0,0.128043,1.455469</position>
        <triangledirection>0,-0.999137,-0.0415206</triangledirection>
        <trianglepickorigin>0,0,0</trianglepickorigin>
        <orientation>
          <row0>-1.000000,0,0</row0>
          <row1>0,-0.999137,-0.0415206</row1>
          <row2>0,-0.0415206,0.999137</row2>
        </orientation>
      </transform>
      <snapped>false</snapped>
      <handles count="2">
        <weight channel="0x2e6521f4">0.506866</weight>
        <weight channel="0xd02751de">0.494789</weight>
      </handles>
      <isasymmetric>false</isasymmetric>
    </blockref>
    <blockref>
      <blockid>0x40686000, 0x80462685</blockid>
      <transform>
        <scale>1</scale>
        <position>-0.0986610,0.0703326,1.399202</position>
        <triangledirection>0.823098,-0.561452,0.0853231</triangledirection>
        <trianglepickorigin>0,0,0</trianglepickorigin>
        <orientation>
          <row0>-0.563507,-0.826111,-9.31322e-8</row0>
          <row1>0.823098,-0.561452,0.0853231</row1>
          <row2>-0.0704864,0.0480801,0.996353</row2>
        </orientation>
      </transform>
      <snapped>false</snapped>
      <symmetric>34</symmetric>
      <handles count="2">
        <weight channel="0x2e6521f4">0.506866</weight>
        <weight channel="0xd02751de">0.494789</weight>
      </handles>
      <isasymmetric>false</isasymmetric>
    </blockref>
    <blockref>
      <blockid>0x40686000, 0x41a96423</blockid>
      <transform>
        <scale>1</scale>
        <position>0.0986610,0.0703326,1.399202</position>
        <triangledirection>-0.823098,-0.561452,0.0853231</triangledirection>
        <trianglepickorigin>0,0,0</trianglepickorigin>
        <orientation>
          <row0>-0.563507,0.826111,1.11758e-8</row0>
          <row1>-0.823098,-0.561452,0.0853231</row1>
          <row2>0.0704864,0.0480802,0.996353</row2>
        </orientation>
      </transform>
      <snapped>false</snapped>
      <symmetric>33</symmetric>
      <handles count="2">
        <weight channel="0x2e6521f4">0.506866</weight>
        <weight channel="0xd02751de">0.494789</weight>
      </handles>
      <isasymmetric>false</isasymmetric>
    </blockref>
    <blockref>
      <blockid>0x40686000, 0x42e62b1a</blockid>
      <transform>
        <scale>1.349858</scale>
        <position>-0.0836839,-0.188110,1.140867</position>
        <triangledirection>-0.00688225,0.547747,0.836614</triangledirection>
        <trianglepickorigin>0,0,0</trianglepickorigin>
        <orientation>
          <row0>0.897042,-0.441943,2.16066e-7</row0>
          <row1>0.425042,0.862737,-0.273903</row1>
          <row2>0.121049,0.245703,0.961757</row2>
        </orientation>
        <userorientation>
          <userorientation_row0>0.968696,0.0616294,0.240476</userorientation_row0>
          <userorientation_row1>-0.248247,0.240486,0.938369</userorientation_row1>
          <userorientation_row2>-3.69916e-9,-0.968693,0.248258</userorientation_row2>
        </userorientation>
      </transform>
      <snapped>false</snapped>
      <symmetric>36</symmetric>
      <handles count="2">
        <weight channel="0x2e6521f4">0.503621</weight>
        <weight channel="0xd02751de">0.510417</weight>
      </handles>
      <isasymmetric>false</isasymmetric>
    </blockref>
    <blockref>
      <blockid>0x40686000, 0x1875548c</blockid>
      <transform>
        <scale>1.349858</scale>
        <position>0.0836839,-0.188110,1.140867</position>
        <triangledirection>0.00688225,0.547747,0.836614</triangledirection>
        <trianglepickorigin>0,0,0</trianglepickorigin>
        <orientation>
          <row0>0.897042,0.441943,-2.16066e-7</row0>
          <row1>-0.425042,0.862737,-0.273903</row1>
          <row2>-0.121049,0.245703,0.961757</row2>
        </orientation>
        <userorientation>
          <userorientation_row0>0.968696,-0.0616294,-0.240476</userorientation_row0>
          <userorientation_row1>0.248247,0.240486,0.938369</userorientation_row1>
          <userorientation_row2>-2.03467e-10,-0.968693,0.248258</userorientation_row2>
        </userorientation>
      </transform>
      <snapped>false</snapped>
      <symmetric>35</symmetric>
      <handles count="2">
        <weight channel="0x2e6521f4">0.503621</weight>
        <weight channel="0xd02751de">0.510417</weight>
      </handles>
      <isasymmetric>false</isasymmetric>
    </blockref>
    <blockref>
      <blockid>0x40686000, 0x1875548c</blockid>
      <transform>
        <scale>1.252323</scale>
        <position>0.0448601,-0.269897,0.982648</position>
        <triangledirection>0.293984,0.576986,0.762009</triangledirection>
        <trianglepickorigin>0,0,0</trianglepickorigin>
        <orientation>
          <row0>0.989817,0.142342,4.09781e-7</row0>
          <row1>-0.133408,0.927689,-0.348704</row1>
          <row2>-0.0496358,0.345153,0.937232</row2>
        </orientation>
        <userorientation>
          <userorientation_row0>0.927782,-0.0926304,-0.361440</userorientation_row0>
          <userorientation_row1>0.373120,0.230329,0.898736</userorientation_row1>
          <userorientation_row2>0,-0.968693,0.248258</userorientation_row2>
        </userorientation>
      </transform>
      <snapped>false</snapped>
      <symmetric>38</symmetric>
      <handles count="2">
        <weight channel="0x2e6521f4">0.503621</weight>
        <weight channel="0xd02751de">0.510417</weight>
      </handles>
      <isasymmetric>false</isasymmetric>
    </blockref>
    <blockref>
      <blockid>0x40686000, 0x42e62b1a</blockid>
      <transform>
        <scale>1.252323</scale>
        <position>-0.0448601,-0.269897,0.982648</position>
        <triangledirection>-0.293984,0.576986,0.762009</triangledirection>
        <trianglepickorigin>0,0,0</trianglepickorigin>
        <orientation>
          <row0>0.989817,-0.142342,-4.09781e-7</row0>
          <row1>0.133408,0.927689,-0.348704</row1>
          <row2>0.0496358,0.345153,0.937232</row2>
        </orientation>
        <userorientation>
          <userorientation_row0>0.927782,0.0926304,0.361440</userorientation_row0>
          <userorientation_row1>-0.373120,0.230329,0.898736</userorientation_row1>
          <userorientation_row2>8.53364e-10,-0.968693,0.248258</userorientation_row2>
        </userorientation>
      </transform>
      <snapped>false</snapped>
      <symmetric>37</symmetric>
      <handles count="2">
        <weight channel="0x2e6521f4">0.503621</weight>
        <weight channel="0xd02751de">0.510417</weight>
      </handles>
      <isasymmetric>false</isasymmetric>
    </blockref>
    <blockref>
      <blockid>0x40686000, 0x80462685</blockid>
      <transform>
        <scale>1</scale>
        <position>-0.145597,-0.271233,0.884831</position>
        <triangledirection>0.399139,0.878360,-0.263003</triangledirection>
        <trianglepickorigin>0,0,0</trianglepickorigin>
        <orientation>
          <row0>0.910411,-0.413703,2.75671e-7</row0>
          <row1>0.399139,0.878360,-0.263003</row1>
          <row2>0.108805,0.239441,0.964795</row2>
        </orientation>
        <userorientation>
          <userorientation_row0>0.935895,0,0.352278</userorientation_row0>
          <userorientation_row1>0,1,0</userorientation_row1>
          <userorientation_row2>-0.352278,0,0.935895</userorientation_row2>
        </userorientation>
      </transform>
      <snapped>false</snapped>
      <symmetric>40</symmetric>
      <handles count="2">
        <weight channel="0x2e6521f4">1</weight>
        <weight channel="0xd02751de">0.494789</weight>
      </handles>
      <isasymmetric>false</isasymmetric>
    </blockref>
    <blockref>
      <blockid>0x40686000, 0x41a96423</blockid>
      <transform>
        <scale>1</scale>
        <position>0.145597,-0.271233,0.884831</position>
        <triangledirection>-0.399139,0.878360,-0.263003</triangledirection>
        <trianglepickorigin>0,0,0</trianglepickorigin>
        <orientation>
          <row0>0.910411,0.413703,-2.75671e-7</row0>
          <row1>-0.399139,0.878360,-0.263003</row1>
          <row2>-0.108805,0.239441,0.964795</row2>
        </orientation>
        <userorientation>
          <userorientation_row0>0.935895,0,-0.352278</userorientation_row0>
          <userorientation_row1>0,1,0</userorientation_row1>
          <userorientation_row2>0.352278,0,0.935895</userorientation_row2>
        </userorientation>
      </transform>
      <snapped>false</snapped>
      <symmetric>39</symmetric>
      <handles count="2">
        <weight channel="0x2e6521f4">1</weight>
        <weight channel="0xd02751de">0.494789</weight>
      </handles>
      <isasymmetric>false</isasymmetric>
    </blockref>
    <blockref>
      <blockid>0x40686000, 0x41a96423</blockid>
      <transform>
        <scale>1</scale>
        <position>0.257027,-0.140600,0.984018</position>
        <triangledirection>-0.748707,0.540911,-0.383213</triangledirection>
        <trianglepickorigin>0,0,0</trianglepickorigin>
        <orientation>
          <row0>0.585617,0.810587,2.83122e-7</row0>
          <row1>-0.748707,0.540911,-0.383213</row1>
          <row2>-0.310628,0.224416,0.923659</row2>
        </orientation>
        <userorientation>
          <userorientation_row0>0.998858,0,-0.0477705</userorientation_row0>
          <userorientation_row1>0,1,0</userorientation_row1>
          <userorientation_row2>0.0477705,0,0.998858</userorientation_row2>
        </userorientation>
      </transform>
      <snapped>false</snapped>
      <childlist count="1">
        <childid>50</childid>
      </childlist>
      <symmetric>42</symmetric>
      <handles count="2">
        <weight channel="0x2e6521f4">0.506866</weight>
        <weight channel="0xd02751de">0.494789</weight>
      </handles>
      <isasymmetric>false</isasymmetric>
    </blockref>
    <blockref>
      <blockid>0x40686000, 0x80462685</blockid>
      <transform>
        <scale>1</scale>
        <position>-0.257027,-0.140600,0.984018</position>
        <triangledirection>0.748707,0.540911,-0.383213</triangledirection>
        <trianglepickorigin>0,0,0</trianglepickorigin>
        <orientation>
          <row0>0.585617,-0.810587,-2.83122e-7</row0>
          <row1>0.748707,0.540911,-0.383213</row1>
          <row2>0.310628,0.224416,0.923659</row2>
        </orientation>
        <userorientation>
          <userorientation_row0>0.998858,0,0.0477705</userorientation_row0>
          <userorientation_row1>0,1,0</userorientation_row1>
          <userorientation_row2>-0.0477705,0,0.998858</userorientation_row2>
        </userorientation>
      </transform>
      <snapped>false</snapped>
      <childlist count="1">
        <childid>51</childid>
      </childlist>
      <symmetric>41</symmetric>
      <handles count="2">
        <weight channel="0x2e6521f4">0.506866</weight>
        <weight channel="0xd02751de">0.494789</weight>
      </handles>
      <isasymmetric>false</isasymmetric>
    </blockref>
    <blockref>
      <blockid>0x40686000, 0x41a96423</blockid>
      <transform>
        <scale>1</scale>
        <position>0.201623,0.0395224,1.141960</position>
        <triangledirection>-0.719495,-0.0630485,-0.691629</triangledirection>
        <trianglepickorigin>0,0,0</trianglepickorigin>
        <orientation>
          <row0>-0.0872942,0.996182,-7.82310e-8</row0>
          <row1>-0.719495,-0.0630485,-0.691629</row1>
          <row2>-0.688989,-0.0603752,0.722252</row2>
        </orientation>
        <userorientation>
