<?xml version="1.0" encoding="UTF-8"?><sporemodel>
  <formatversion>18</formatversion>
  <properties>
    <modeltype>0x4178b8e8</modeltype>
    <skineffect1>0x71357e68</skineffect1>
    <skineffect2>0xfaf08f43</skineffect2>
    <skineffect3>0x103691ce</skineffect3>
    <skineffectseed1>1234</skineffectseed1>
    <skineffectseed2>1234</skineffectseed2>
    <skineffectseed3>1234</skineffectseed3>
    <skincolor1>0.129411,0.141176,0.282352</skincolor1>
    <skincolor2>0.239215,0.141176,0.443131</skincolor2>
    <skincolor3>0.831366,0.831366,0.831366</skincolor3>
    <zcorpscore>0</zcorpscore>
  </properties>
  <blocks count="69">
    <blockref>
      <blockid>0x40626000, 0xd05c53a3</blockid>
      <transform>
        <scale>0.649798</scale>
        <position>0,0.176862,1.338894</position>
        <triangledirection>0,0.732065,-0.681233</triangledirection>
        <trianglepickorigin>0,0,0</trianglepickorigin>
        <orientation>
          <row0>1.000000,0,0</row0>
          <row1>0,0.732065,-0.681233</row1>
          <row2>0,0.681233,0.732065</row2>
        </orientation>
      </transform>
      <snapped>false</snapped>
      <childlist count="1">
        <childid>1</childid>
      </childlist>
      <isasymmetric>false</isasymmetric>
    </blockref>
    <blockref>
      <blockid>0x40626000, 0xd05c53a3</blockid>
      <transform>
        <scale>0.833593</scale>
        <position>0,0.243314,1.255317</position>
        <triangledirection>0,0.498719,-0.866763</triangledirection>
        <trianglepickorigin>0,0,0</trianglepickorigin>
        <orientation>
          <row0>0.999999,0,0</row0>
          <row1>0,0.498719,-0.866763</row1>
          <row2>0,0.866763,0.498719</row2>
        </orientation>
      </transform>
      <snapped>false</snapped>
      <childlist count="2">
        <childid>50</childid>
        <childid>2</childid>
      </childlist>
      <isasymmetric>false</isasymmetric>
    </blockref>
    <blockref>
      <blockid>0x40626000, 0xd05c53a3</blockid>
      <transform>
        <scale>1.148602</scale>
        <position>0,0.300410,1.158993</position>
        <triangledirection>0,0.521007,-0.853552</triangledirection>
        <trianglepickorigin>0,0,0</trianglepickorigin>
        <orientation>
          <row0>1,0,0</row0>
          <row1>0,0.521007,-0.853552</row1>
          <row2>0,0.853552,0.521007</row2>
        </orientation>
      </transform>
      <snapped>false</snapped>
      <childlist count="3">
        <childid>65</childid>
        <childid>7</childid>
        <childid>3</childid>
      </childlist>
      <isasymmetric>false</isasymmetric>
    </blockref>
    <blockref>
      <blockid>0x40626000, 0xd05c53a3</blockid>
      <transform>
        <scale>1.236378</scale>
        <position>0,0.353367,1.062147</position>
        <triangledirection>0,0.437472,-0.899231</triangledirection>
        <trianglepickorigin>0,0,0</trianglepickorigin>
        <orientation>
          <row0>1.000000,0,0</row0>
          <row1>0,0.437472,-0.899231</row1>
          <row2>0,0.899231,0.437472</row2>
        </orientation>
      </transform>
      <snapped>false</snapped>
      <childlist count="4">
        <childid>45</childid>
        <childid>16</childid>
        <childid>14</childid>
        <childid>4</childid>
      </childlist>
      <isasymmetric>false</isasymmetric>
    </blockref>
    <blockref>
      <blockid>0x40626000, 0xd05c53a3</blockid>
      <transform>
        <scale>1.276879</scale>
        <position>0,0.394529,0.960424</position>
        <triangledirection>0,0.310959,-0.950423</triangledirection>
        <trianglepickorigin>0,0,0</trianglepickorigin>
        <orientation>
          <row0>1,0,0</row0>
          <row1>0,0.310959,-0.950423</row1>
          <row2>0,0.950423,0.310959</row2>
        </orientation>
      </transform>
      <snapped>false</snapped>
      <childlist count="12">
        <childid>66</childid>
        <childid>61</childid>
        <childid>60</childid>
        <childid>54</childid>
        <childid>53</childid>
        <childid>51</childid>
        <childid>44</childid>
        <childid>43</childid>
        <childid>42</childid>
        <childid>12</childid>
        <childid>10</childid>
        <childid>5</childid>
      </childlist>
      <isasymmetric>false</isasymmetric>
    </blockref>
    <blockref>
      <blockid>0x40626000, 0xd05c53a3</blockid>
      <transform>
        <scale>0.991666</scale>
        <position>0,0.417637,0.854306</position>
        <triangledirection>0,0.112383,-0.993664</triangledirection>
        <trianglepickorigin>0,0,0</trianglepickorigin>
        <orientation>
          <row0>1,0,0</row0>
          <row1>0,0.112383,-0.993664</row1>
          <row2>0,0.993664,0.112383</row2>
        </orientation>
      </transform>
      <snapped>false</snapped>
      <childlist count="1">
        <childid>6</childid>
      </childlist>
      <isasymmetric>false</isasymmetric>
    </blockref>
    <blockref>
      <blockid>0x40626000, 0xd05c53a3</blockid>
      <transform>
        <scale>0.665389</scale>
        <position>0,0.430115,0.743355</position>
        <triangledirection>0,0.111129,-0.993806</triangledirection>
        <trianglepickorigin>0,0,0</trianglepickorigin>
        <orientation>
          <row0>1.000000,0,0</row0>
          <row1>0,0.111129,-0.993806</row1>
          <row2>0,0.993806,0.111129</row2>
        </orientation>
      </transform>
      <snapped>false</snapped>
      <childlist count="1">
        <childid>52</childid>
      </childlist>
      <isasymmetric>false</isasymmetric>
    </blockref>
    <blockref>
      <blockid>0x40626000, 0x050d2812</blockid>
      <transform>
        <scale>1.822112</scale>
        <position>0,-0.0650795,1.209197</position>
        <triangledirection>0,0.993288,0.115636</triangledirection>
        <trianglepickorigin>0,0,0</trianglepickorigin>
        <orientation>
          <row0>0.999999,0,0</row0>
          <row1>0,0.914878,-0.403730</row1>
          <row2>0,0.403730,0.914878</row2>
        </orientation>
        <userorientation>
          <userorientation_row0>1,0,0</userorientation_row0>
          <userorientation_row1>0,0.862052,0.506814</userorientation_row1>
          <userorientation_row2>0,-0.506814,0.862052</userorientation_row2>
        </userorientation>
      </transform>
      <snapped>false</snapped>
      <childlist count="6">
        <childid>31</childid>
        <childid>30</childid>
        <childid>29</childid>
        <childid>28</childid>
        <childid>9</childid>
        <childid>8</childid>
      </childlist>
      <handles count="3">
        <weight channel="0xd02751de">0.5</weight>
        <weight channel="0x2e6521f4">0.389337</weight>
        <weight channel="0x7cc96c02">0.761856</weight>
      </handles>
      <isasymmetric>false</isasymmetric>
    </blockref>
    <blockref>
      <blockid>0x40626000, 0xcb5ef58e</blockid>
      <transform>
        <scale>1.349853</scale>
        <position>-0.259395,0.0851534,1.349886</position>
        <triangledirection>0.840411,0.271362,0.469116</triangledirection>
        <trianglepickorigin>0,0,0</trianglepickorigin>
        <orientation>
          <row0>-0.586594,-0.809551,-0.0230944</row0>
          <row1>0.674833,-0.472814,-0.566609</row1>
          <row2>0.447779,-0.347954,0.823663</row2>
        </orientation>
        <userorientation>
          <userorientation_row0>0.584552,-0.361415,0.726408</userorientation_row0>
          <userorientation_row1>-0.723496,0.173028,0.668291</userorientation_row1>
          <userorientation_row2>-0.367221,-0.916206,-0.160337</userorientation_row2>
        </userorientation>
      </transform>
      <snapped>false</snapped>
      <symmetric>9</symmetric>
      <handles count="1">
        <weight channel="0x2e6521f4">0.914810</weight>
      </handles>
      <isasymmetric>false</isasymmetric>
    </blockref>
    <blockref>
      <blockid>0x40626000, 0xd6ade968</blockid>
      <transform>
        <scale>1.349853</scale>
        <position>0.259395,0.0851534,1.349886</position>
        <triangledirection>-0.840411,0.271362,0.469116</triangledirection>
        <trianglepickorigin>0,0,0</trianglepickorigin>
        <orientation>
          <row0>-0.586594,0.809551,0.0230944</row0>
          <row1>-0.674833,-0.472814,-0.566609</row1>
          <row2>-0.447779,-0.347954,0.823663</row2>
        </orientation>
        <userorientation>
          <userorientation_row0>0.584552,0.361415,-0.726408</userorientation_row0>
          <userorientation_row1>0.723496,0.173028,0.668291</userorientation_row1>
          <userorientation_row2>0.367221,-0.916206,-0.160337</userorientation_row2>
        </userorientation>
      </transform>
      <snapped>false</snapped>
      <symmetric>8</symmetric>
      <handles count="1">
        <weight channel="0x2e6521f4">0.914810</weight>
      </handles>
      <isasymmetric>false</isasymmetric>
    </blockref>
    <blockref>
      <blockid>0x40626000, 0xdec3c22a</blockid>
      <transform>
        <limbtype>0</limbtype>
        <musclescale>0.349999</musclescale>
        <basemusclescale>0.699993</basemusclescale>
        <scale>1</scale>
        <position>0.250321,0.220088,0.778159</position>
        <triangledirection>-0.244548,0.461789,0.852611</triangledirection>
        <trianglepickorigin>0,0,0</trianglepickorigin>
        <orientation>
          <row0>-0.910718,-0.411230,-0.0384850</row0>
          <row1>-0.244548,0.461789,0.852611</row1>
          <row2>-0.332847,0.785900,-0.521125</row2>
        </orientation>
      </transform>
      <snapped>false</snapped>
      <childlist count="2">
        <childid>49</childid>
        <childid>11</childid>
      </childlist>
      <symmetric>12</symmetric>
      <handles count="1">
        <weight channel="0xf320ba37">0.117997</weight>
      </handles>
      <isasymmetric>false</isasymmetric>
    </blockref>
    <blockref>
      <blockid>0x40626000, 0x33fccc91</blockid>
      <transform>
        <limbtype>0</limbtype>
        <musclescale>0.125</musclescale>
        <basemusclescale>0.849999</basemusclescale>
        <scale>1</scale>
        <position>0.343355,0.0443983,0.453776</position>
        <triangledirection>0.146068,-0.407837,0.901295</triangledirection>
        <trianglepickorigin>0,0,0</trianglepickorigin>
        <orientation>
          <row0>-0.910719,-0.411229,-0.0384865</row0>
          <row1>0.146068,-0.407837,0.901295</row1>
          <row2>-0.386335,0.815205,0.431492</row2>
        </orientation>
      </transform>
      <snapped>true</snapped>
      <childlist count="3">
        <childid>27</childid>
        <childid>21</childid>
        <childid>19</childid>
      </childlist>
      <symmetric>13</symmetric>
      <handles count="1">
        <weight channel="0xf320ba37">0.0991449</weight>
      </handles>
      <isasymmetric>false</isasymmetric>
    </blockref>
    <blockref>
      <blockid>0x40626000, 0xdec3c22a</blockid>
      <transform>
        <limbtype>0</limbtype>
        <musclescale>0.349999</musclescale>
        <basemusclescale>0.699993</basemusclescale>
        <scale>1</scale>
        <position>-0.250319,0.220088,0.778159</position>
        <triangledirection>0.244548,0.461789,0.852611</triangledirection>
        <trianglepickorigin>0,0,0</trianglepickorigin>
        <orientation>
          <row0>-0.910719,0.411229,0.0384854</row0>
          <row1>0.244548,0.461789,0.852611</row1>
          <row2>0.332847,0.785901,-0.521125</row2>
        </orientation>
      </transform>
      <snapped>false</snapped>
      <childlist count="4">
        <childid>38</childid>
        <childid>36</childid>
        <childid>34</childid>
        <childid>13</childid>
      </childlist>
      <symmetric>10</symmetric>
      <handles count="1">
        <weight channel="0xf320ba37">0.117997</weight>
      </handles>
      <isasymmetric>false</isasymmetric>
    </blockref>
    <blockref>
      <blockid>0x40626000, 0x33fccc91</blockid>
      <transform>
        <limbtype>0</limbtype>
        <musclescale>0.125</musclescale>
        <basemusclescale>0.849999</basemusclescale>
        <scale>1</scale>
        <position>-0.343355,0.0443983,0.453775</position>
        <triangledirection>-0.146068,-0.407837,0.901295</triangledirection>
        <trianglepickorigin>0,0,0</trianglepickorigin>
        <orientation>
          <row0>-0.910719,0.411229,0.0384865</row0>
          <row1>-0.146068,-0.407837,0.901295</row1>
          <row2>0.386335,0.815205,0.431492</row2>
        </orientation>
      </transform>
      <snapped>true</snapped>
      <childlist count="6">
        <childid>37</childid>
        <childid>35</childid>
        <childid>33</childid>
        <childid>26</childid>
        <childid>20</childid>
        <childid>18</childid>
      </childlist>
      <symmetric>11</symmetric>
      <handles count="1">
        <weight channel="0xf320ba37">0.0991449</weight>
      </handles>
      <isasymmetric>false</isasymmetric>
    </blockref>
    <blockref>
      <blockid>0x40626000, 0xd621ad4b</blockid>
      <transform>
        <limbtype>0</limbtype>
        <musclescale>0.574992</musclescale>
        <basemusclescale>1</basemusclescale>
        <scale>1</scale>
        <position>-0.266963,0.117939,1.030377</position>
        <triangledirection>0.804596,0.0973144,0.585793</triangledirection>
        <trianglepickorigin>0,0,0</trianglepickorigin>
        <orientation>
          <row0>0.503307,0.411746,-0.759701</row0>
          <row1>0.804596,0.0973144,0.585793</row1>
          <row2>0.315128,-0.906087,-0.282310</row2>
        </orientation>
      </transform>
      <snapped>false</snapped>
      <childlist count="4">
        <childid>64</childid>
        <childid>63</childid>
        <childid>41</childid>
        <childid>15</childid>
      </childlist>
      <symmetric>16</symmetric>
      <handles count="1">
        <weight channel="0xf320ba37">0.0715989</weight>
      </handles>
      <isasymmetric>false</isasymmetric>
    </blockref>
    <blockref>
      <blockid>0x40626000, 0x2051ae2d</blockid>
      <transform>
        <limbtype>0</limbtype>
        <musclescale>1</musclescale>
        <basemusclescale>0.75</basemusclescale>
        <scale>1</scale>
        <position>-0.465933,0.0938734,0.885517</position>
        <triangledirection>0.210189,0.794430,0.569825</triangledirection>
        <trianglepickorigin>0,0,0</trianglepickorigin>
        <orientation>
          <row0>0.503307,0.411749,-0.759699</row0>
          <row1>0.210189,0.794430,0.569825</row1>
          <row2>0.838153,-0.446478,0.313297</row2>
        </orientation>
      </transform>
      <snapped>true</snapped>
      <childlist count="4">
        <childid>48</childid>
        <childid>40</childid>
        <childid>25</childid>
        <childid>22</childid>
      </childlist>
      <symmetric>17</symmetric>
      <handles count="1">
        <weight channel="0xf320ba37">0.0756796</weight>
      </handles>
      <isasymmetric>false</isasymmetric>
    </blockref>
    <blockref>
      <blockid>0x40626000, 0xd621ad4b</blockid>
      <transform>
        <limbtype>0</limbtype>
        <musclescale>0.574992</musclescale>
        <basemusclescale>1</basemusclescale>
        <scale>1</scale>
        <position>0.266963,0.117939,1.030377</position>
        <triangledirection>-0.804596,0.0973144,0.585793</triangledirection>
        <trianglepickorigin>0,0,0</trianglepickorigin>
        <orientation>
          <row0>0.503307,-0.411746,0.759701</row0>
          <row1>-0.804596,0.0973144,0.585793</row1>
          <row2>-0.315128,-0.906087,-0.282310</row2>
        </orientation>
      </transform>
      <snapped>false</snapped>
      <childlist count="1">
        <childid>17</childid>
      </childlist>
      <symmetric>14</symmetric>
      <handles count="1">
        <weight channel="0xf320ba37">0.0715989</weight>
      </handles>
      <isasymmetric>false</isasymmetric>
    </blockref>
    <blockref>
      <blockid>0x40626000, 0x2051ae2d</blockid>
      <transform>
        <limbtype>0</limbtype>
        <musclescale>1</musclescale>
        <basemusclescale>0.75</basemusclescale>
        <scale>1</scale>
        <position>0.465933,0.0938734,0.885517</position>
        <triangledirection>-0.210189,0.794430,0.569825</triangledirection>
        <trianglepickorigin>0,0,0</trianglepickorigin>
        <orientation>
          <row0>0.503307,-0.411749,0.759699</row0>
          <row1>-0.210189,0.794430,0.569825</row1>
          <row2>-0.838153,-0.446478,0.313297</row2>
        </orientation>
      </transform>
      <snapped>true</snapped>
      <childlist count="2">
        <childid>24</childid>
        <childid>23</childid>
      </childlist>
      <symmetric>15</symmetric>
      <handles count="1">
        <weight channel="0xf320ba37">0.0756796</weight>
      </handles>
      <isasymmetric>false</isasymmetric>
    </blockref>
    <blockref>
      <blockid>0x40626000, 0x44b1ede6</blockid>
      <transform>
        <scale>0.5</scale>
        <position>-0.287155,0.111508,0.113058</position>
        <triangledirection>0.0987190,-0.680994,-0.725603</triangledirection>
        <trianglepickorigin>0,0,0</trianglepickorigin>
        <orientation>
          <row0>0.994331,0.0997493,0.0368022</row0>
          <row1>-0.102890,0.815520,0.569508</row1>
          <row2>0.0267951,-0.570066,0.821161</row2>
        </orientation>
        <userorientation>
          <userorientation_row0>-0.936872,0.0684370,-0.342898</userorientation_row0>
          <userorientation_row1>0.00352692,-0.978759,-0.204980</userorientation_row1>
          <userorientation_row2>-0.349643,-0.193250,0.916732</userorientation_row2>
        </userorientation>
      </transform>
      <snapped>false</snapped>
      <symmetric>19</symmetric>
      <handles count="2">
        <weight channel="0xd02751de">0</weight>
        <weight channel="0x2e6521f4">0</weight>
      </handles>
      <isasymmetric>false</isasymmetric>
    </blockref>
    <blockref>
      <blockid>0x40626000, 0x44b1ede6</blockid>
      <transform>
        <scale>0.5</scale>
        <position>0.287155,0.111508,0.113058</position>
        <triangledirection>-0.0987190,-0.680994,-0.725603</triangledirection>
        <trianglepickorigin>0,0,0</trianglepickorigin>
        <orientation>
          <row0>0.994331,-0.0997493,-0.0368022</row0>
          <row1>0.102890,0.815520,0.569508</row1>
          <row2>-0.0267951,-0.570066,0.821161</row2>
        </orientation>
        <userorientation>
          <userorientation_row0>-0.936872,-0.0684370,0.342898</userorientation_row0>
          <userorientation_row1>-0.00352692,-0.978759,-0.204980</userorientation_row1>
          <userorientation_row2>0.349643,-0.193250,0.916732</userorientation_row2>
        </userorientation>
      </transform>
      <snapped>false</snapped>
      <symmetric>18</symmetric>
      <handles count="2">
        <weight channel="0xd02751de">0</weight>
        <weight channel="0x2e6521f4">0</weight>
      </handles>
      <isasymmetric>false</isasymmetric>
    </blockref>
    <blockref>
      <blockid>0x40626000, 0x188bdf55</blockid>
      <transform>
        <scale>0.5</scale>
        <position>-0.270976,0.130506,0.0979330</position>
        <triangledirection>0.509822,-0.860111,-0.0168496</triangledirection>
        <trianglepickorigin>0,0,0</trianglepickorigin>
        <orientation>
          <row0>0.877371,0.478203,-0.0392666</row0>
          <row1>-0.302345,0.614550,0.728638</row1>
          <row2>0.372568,-0.627414,0.683771</row2>
        </orientation>
        <userorientation>
          <userorientation_row0>-0.866330,0.336061,0.369491</userorientation_row0>
          <userorientation_row1>0.0366569,-0.695002,0.718069</userorientation_row1>
          <userorientation_row2>0.498113,0.635629,0.589781</userorientation_row2>
        </userorientation>
      </transform>
      <snapped>false</snapped>
      <symmetric>21</symmetric>
      <handles count="2">
        <weight channel="0x7cc96c02">1</weight>
        <weight channel="0xd02751de">0</weight>
      </handles>
      <isasymmetric>false</isasymmetric>
    </blockref>
    <blockref>
      <blockid>0x40626000, 0x386738f3</blockid>
      <transform>
        <scale>0.5</scale>
        <position>0.270976,0.130506,0.0979330</position>
        <triangledirection>-0.509822,-0.860111,-0.0168496</triangledirection>
        <trianglepickorigin>0,0,0</trianglepickorigin>
        <orientation>
          <row0>0.877371,-0.478203,0.0392666</row0>
          <row1>0.302345,0.614550,0.728638</row1>
          <row2>-0.372568,-0.627414,0.683771</row2>
        </orientation>
        <userorientation>
          <userorientation_row0>-0.866330,-0.336061,-0.369491</userorientation_row0>
          <userorientation_row1>-0.0366569,-0.695002,0.718069</userorientation_row1>
          <userorientation_row2>-0.498113,0.635629,0.589781</userorientation_row2>
        </userorientation>
      </transform>
      <snapped>false</snapped>
      <symmetric>20</symmetric>
      <handles count="2">
        <weight channel="0x7cc96c02">1</weight>
        <weight channel="0xd02751de">0</weight>
      </handles>
      <isasymmetric>false</isasymmetric>
    </blockref>
    <blockref>
      <blockid>0x40626000, 0x4e1ccafd</blockid>
      <transform>
        <scale>0.200000</scale>
        <position>-0.522893,-0.156867,0.720151</position>
        <triangledirection>0.0382369,-0.998015,-0.0499660</triangledirection>
        <trianglepickorigin>0,0,0</trianglepickorigin>
        <orientation>
          <row0>0.999250,-0.0387195,-2.06623e-5</row0>
          <row1>0.0360924,0.931259,0.362565</row1>
          <row2>-0.0140191,-0.362294,0.931958</row2>
        </orientation>
        <userorientation>
          <userorientation_row0>-0.0662906,-0.319557,-0.945244</userorientation_row0>
          <userorientation_row1>0.0768519,-0.946147,0.314473</userorientation_row1>
          <userorientation_row2>-0.994835,-0.0517972,0.0872796</userorientation_row2>
        </userorientation>
      </transform>
      <snapped>false</snapped>
      <symmetric>23</symmetric>
      <handles count="3">
        <weight channel="0x2e6521f4">0</weight>
        <weight channel="0xd02751de">0.409002</weight>
        <weight channel="0x503283aa">0.645011</weight>
      </handles>
      <isasymmetric>false</isasymmetric>
    </blockref>
    <blockref>
      <blockid>0x40626000, 0xfd82295b</blockid>
      <transform>
        <scale>0.200000</scale>
        <position>0.522893,-0.156867,0.720151</position>
        <triangledirection>-0.0382369,-0.998015,-0.0499660</triangledirection>
        <trianglepickorigin>0,0,0</trianglepickorigin>
        <orientation>
          <row0>0.999250,0.0387195,2.06623e-5</row0>
          <row1>-0.0360924,0.931259,0.362565</row1>
          <row2>0.0140191,-0.362294,0.931958</row2>
        </orientation>
        <userorientation>
          <userorientation_row0>-0.0662906,0.319557,0.945244</userorientation_row0>
          <userorientation_row1>-0.0768519,-0.946147,0.314473</userorientation_row1>
          <userorientation_row2>0.994835,-0.0517972,0.0872796</userorientation_row2>
        </userorientation>
      </transform>
      <snapped>false</snapped>
      <symmetric>22</symmetric>
      <handles count="3">
        <weight channel="0x2e6521f4">0</weight>
        <weight channel="0xd02751de">0.409002</weight>
        <weight channel="0x503283aa">0.645011</weight>
      </handles>
      <isasymmetric>false</isasymmetric>
    </blockref>
    <blockref>
      <blockid>0x40626000, 0xd82377e9</blockid>
      <transform>
        <basemusclescale>0.862926</basemusclescale>
        <scale>1.161834</scale>
        <position>0.520452,-0.112193,0.737706</position>
        <triangledirection>0.190775,0.564628,0.802993</triangledirection>
        <trianglepickorigin>0,0,0</trianglepickorigin>
        <orientation>
          <row0>0.339215,0.605898,-0.719596</row0>
          <row1>-0.210189,0.794430,0.569825</row1>
          <row2>0.916926,-0.0420419,0.396836</row2>
        </orientation>
        <userorientation>
          <userorientation_row0>0.939692,0,0.342020</userorientation_row0>
          <userorientation_row1>-0.171010,0.866025,0.469846</userorientation_row1>
          <userorientation_row2>-0.296195,-0.499999,0.813796</userorientation_row2>
        </userorientation>
      </transform>
      <snapped>true</snapped>
      <symmetric>25</symmetric>
      <isasymmetric>false</isasymmetric>
    </blockref>
    <blockref>
      <blockid>0x40626000, 0xce0a464f</blockid>
      <transform>
        <basemusclescale>0.862926</basemusclescale>
        <scale>1.161834</scale>
        <position>-0.520452,-0.112193,0.737706</position>
        <triangledirection>-0.190775,0.564628,0.802993</triangledirection>
        <trianglepickorigin>0,0,0</trianglepickorigin>
        <orientation>
          <row0>0.339215,-0.605898,0.719596</row0>
          <row1>0.210189,0.794430,0.569825</row1>
          <row2>-0.916926,-0.0420419,0.396836</row2>
        </orientation>
        <userorientation>
          <userorientation_row0>0.939692,0,-0.342020</userorientation_row0>
          <userorientation_row1>0.171010,0.866025,0.469846</userorientation_row1>
          <userorientation_row2>0.296195,-0.499999,0.813796</userorientation_row2>
        </userorientation>
      </transform>
      <snapped>true</snapped>
      <childlist count="1">
        <childid>39</childid>
      </childlist>
      <symmetric>24</symmetric>
      <isasymmetric>false</isasymmetric>
    </blockref>
    <blockref>
      <blockid>0x40626000, 0x54957d56</blockid>
      <transform>
        <basemusclescale>1.459884</basemusclescale>
        <scale>1.252323</scale>
        <position>-0.295302,0.178562,0.157285</position>
        <triangledirection>0,1,0</triangledirection>
        <trianglepickorigin>0,0,0</trianglepickorigin>
        <orientation>
          <row0>1,0,0</row0>
          <row1>0,1,0</row1>
          <row2>0,0,1</row2>
        </orientation>
      </transform>
      <snapped>true</snapped>
      <childlist count="1">
        <childid>32</childid>
      </childlist>
      <symmetric>27</symmetric>
      <handles count="3">
        <weight channel="0xd02751de">0.212418</weight>
        <weight channel="0x2e6521f4">0.267633</weight>
        <weight channel="0x7cc96c02">0.263857</weight>
      </handles>
      <isasymmetric>false</isasymmetric>
    </blockref>
    <blockref>
      <blockid>0x40626000, 0x08504960</blockid>
      <transform>
        <basemusclescale>1.459884</basemusclescale>
        <scale>1.252323</scale>
        <position>0.295303,0.178562,0.157286</position>
        <triangledirection>0,1,0</triangledirection>
        <trianglepickorigin>0,0,0</trianglepickorigin>
        <orientation>
          <row0>1,0,0</row0>
          <row1>0,1,0</row1>
          <row2>0,0,1</row2>
        </orientation>
      </transform>
      <snapped>true</snapped>
      <symmetric>26</symmetric>
      <handles count="3">
        <weight channel="0xd02751de">0.212418</weight>
        <weight channel="0x2e6521f4">0.267633</weight>
        <weight channel="0x7cc96c02">0.263857</weight>
      </handles>
      <isasymmetric>false</isasymmetric>
    </blockref>
    <blockref>
      <blockid>0x40626000, 0x2ad38a49</blockid>
      <transform>
        <scale>1.454985</scale>
        <position>0.204107,-0.300365,1.312307</position>
        <triangledirection>-0.485329,0.872555,-0.0556997</triangledirection>
        <trianglepickorigin>0,0,0</trianglepickorigin>
        <orientation>
          <row0>0.873451,0.486713,0.0138846</row0>
          <row1>-0.485329,0.872555,-0.0556997</row1>
          <row2>-0.0392249,0.0419123,0.998351</row2>
        </orientation>
      </transform>
      <snapped>false</snapped>
      <symmetric>29</symmetric>
      <isasymmetric>false</isasymmetric>
    </blockref>
    <blockref>
      <blockid>0x40626000, 0x67b6b7af</blockid>
      <transform>
        <scale>1.454985</scale>
        <position>-0.204107,-0.300365,1.312307</position>
        <triangledirection>0.485329,0.872555,-0.0556997</triangledirection>
        <trianglepickorigin>0,0,0</trianglepickorigin>
        <orientation>
          <row0>0.873451,-0.486713,-0.0138846</row0>
          <row1>0.485329,0.872555,-0.0556997</row1>
          <row2>0.0392249,0.0419123,0.998351</row2>
        </orientation>
      </transform>
      <snapped>false</snapped>
      <symmetric>28</symmetric>
      <isasymmetric>false</isasymmetric>
    </blockref>
    <blockref>
      <blockid>0x40686000, 0xca09bb91</blockid>
      <transform>
        <scale>1.252323</scale>
        <position>-0.179378,-0.312663,1.313853</position>
        <triangledirection>0.398770,0.910616,-0.108447</triangledirection>
        <trianglepickorigin>0,0,0</trianglepickorigin>
        <orientation>
          <row0>0.916018,-0.401135,1.37835e-7</row0>
          <row1>0.398770,0.910616,-0.108447</row1>
          <row2>0.0435018,0.0993395,0.994102</row2>
        </orientation>
      </transform>
      <snapped>false</snapped>
      <childlist count="2">
        <childid>68</childid>
        <childid>62</childid>
      </childlist>
      <handles count="2">
        <weight channel="0xd02751de">0</weight>
        <weight channel="0x2e6521f4">0.690189</weight>
      </handles>
      <isasymmetric>true</isasymmetric>
    </blockref>
    <blockref>
      <blockid>0x40686000, 0xca09bb92</blockid>
      <transform>
        <scale>0.740818</scale>
        <position>-0.194546,0.0299501,1.423027</position>
        <triangledirection>0.627039,0.635882,-0.449970</triangledirection>
        <trianglepickorigin>0,0,0</trianglepickorigin>
        <orientation>
          <row0>-0.507555,-0.861619,-1.47521e-6</row0>
          <row1>0.375003,-0.220902,-0.900319</row1>
          <row2>0.775731,-0.456962,0.435230</row2>
        </orientation>
        <userorientation>
          <userorientation_row0>-0.0857861,-0.148669,0.985158</userorientation_row0>
          <userorientation_row1>-0.866145,0.499791,-2.98023e-8</userorientation_row1>
          <userorientation_row2>-0.492374,-0.853291,-0.171645</userorientation_row2>
        </userorientation>
      </transform>
      <snapped>false</snapped>
      <handles count="1">
        <weight channel="0x2e6521f4">0</weight>
      </handles>
      <isasymmetric>true</isasymmetric>
    </blockref>
    <blockref>
      <blockid>0x40686000, 0xc75c961d</blockid>
      <transform>
        <scale>1.964035</scale>
        <position>-0.294753,0.0353712,0.0817909</position>
        <triangledirection>-0.0971750,0.631218,-0.769487</triangledirection>
        <trianglepickorigin>0,0,0</trianglepickorigin>
        <orientation>
          <row0>0.912883,-0.408220,-1.13248e-6</row0>
          <row1>0.398243,0.890572,-0.219732</row1>
          <row2>0.0897001,0.200589,0.975560</row2>
        </orientation>
        <userorientation>
          <userorientation_row0>0.894362,0.447337,-1.49011e-8</userorientation_row0>
          <userorientation_row1>-0.346385,0.692528,-0.632781</userorientation_row1>
          <userorientation_row2>-0.283071,0.565935,0.774325</userorientation_row2>
        </userorientation>
      </transform>
      <snapped>false</snapped>
      <childlist count="1">
        <childid>59</childid>
      </childlist>
      <handles count="1">
        <weight channel="0x7cc96c02">1</weight>
      </handles>
      <isasymmetric>true</isasymmetric>
    </blockref>
    <blockref>
      <blockid>0x40686000, 0xb5b11a52</blockid>
      <transform>
        <scale>1</scale>
        <position>-0.299939,0.0351079,0.318259</position>
        <triangledirection>-0.118787,0.926968,0.355836</triangledirection>
        <trianglepickorigin>0,0,0</trianglepickorigin>
        <orientation>
          <row0>0.991888,0.127106,-8.64267e-7</row0>
          <row1>-0.118787,0.926968,0.355836</row1>
          <row2>0.0452300,-0.352950,0.934548</row2>
        </orientation>
      </transform>
      <snapped>false</snapped>
      <handles count="3">
        <weight channel="0x7cc96c02">0.376751</weight>
        <weight channel="0x503283aa">0.452358</weight>
        <weight channel="0xe20e2032">0</weight>
      </handles>
      <isasymmetric>true</isasymmetric>
    </blockref>
    <blockref>
      <blockid>0x40686000, 0xb5b11a52</blockid>
      <transform>
        <scale>1</scale>
        <position>-0.306112,0.0402053,0.558173</position>
        <triangledirection>-0.387642,0.914901,-0.112594</triangledirection>
        <trianglepickorigin>0,0,0</trianglepickorigin>
        <orientation>
          <row0>0.915229,0.402932,-1.95950e-6</row0>
          <row1>-0.384810,0.874064,-0.296532</row1>
          <row2>-0.119480,0.271395,0.955022</row2>
        </orientation>
        <userorientation>
          <userorientation_row0>0.999899,-0.0141108,1.86258e-9</userorientation_row0>
          <userorientation_row1>0.0138617,0.982239,0.187086</userorientation_row1>
          <userorientation_row2>-0.00264000,-0.187067,0.982342</userorientation_row2>
        </userorientation>
      </transform>
      <snapped>false</snapped>
      <handles count="3">
        <weight channel="0x7cc96c02">0.376751</weight>
        <weight channel="0x503283aa">0.452358</weight>
        <weight channel="0xe20e2032">0</weight>
      </handles>
      <isasymmetric>true</isasymmetric>
    </blockref>
    <blockref>
      <blockid>0x40686000, 0xb5b11a52</blockid>
      <transform>
        <scale>1</scale>
        <position>-0.394500,0.162193,0.302862</position>
        <triangledirection>0.923022,-0.346101,0.168055</triangledirection>
        <trianglepickorigin>0,0,0</trianglepickorigin>
        <orientation>
          <row0>-0.351094,-0.936339,3.83704e-7</row0>
          <row1>0.923022,-0.346101,0.168055</row1>
          <row2>-0.157356,0.0590036,0.985777</row2>
        </orientation>
      </transform>
      <snapped>false</snapped>
      <handles count="3">
        <weight channel="0x7cc96c02">0.376751</weight>
        <weight channel="0x503283aa">0.452358</weight>
        <weight channel="0xe20e2032">0</weight>
      </handles>
      <isasymmetric>true</isasymmetric>
    </blockref>
    <blockref>
      <blockid>0x40686000, 0xb5b11a52</blockid>
      <transform>
        <scale>1</scale>
        <position>-0.362093,0.107943,0.568332</position>
        <triangledirection>0.970966,-0.164755,-0.173434</triangledirection>
        <trianglepickorigin>0,0,0</trianglepickorigin>
        <orientation>
          <row0>-0.167290,-0.985907,-5.08502e-7</row0>
          <row1>0.970966,-0.164755,-0.173434</row1>
          <row2>0.170989,-0.0290143,0.984845</row2>
        </orientation>
      </transform>
      <snapped>false</snapped>
      <handles count="3">
        <weight channel="0x7cc96c02">0.376751</weight>
        <weight channel="0x503283aa">0.452358</weight>
        <weight channel="0xe20e2032">0</weight>
      </handles>
      <isasymmetric>true</isasymmetric>
    </blockref>
    <blockref>
      <blockid>0x40686000, 0xb5b11a52</blockid>
      <transform>
        <scale>1</scale>
        <position>-0.265331,0.206116,0.291615</position>
        <triangledirection>-0.532133,-0.843196,-0.0765112</triangledirection>
        <trianglepickorigin>0,0,0</trianglepickorigin>
        <orientation>
          <row0>-0.845675,0.533698,-8.19563e-8</row0>
          <row1>-0.532133,-0.843196,-0.0765112</row1>
          <row2>-0.0408339,-0.0647036,0.997068</row2>
        </orientation>
      </transform>
      <snapped>false</snapped>
      <childlist count="1">
        <childid>67</childid>
      </childlist>
      <handles count="3">
        <weight channel="0x7cc96c02">0.376751</weight>
        <weight channel="0x503283aa">0.452358</weight>
        <weight channel="0xe20e2032">0</weight>
      </handles>
      <isasymmetric>true</isasymmetric>
    </blockref>
    <blockref>
      <blockid>0x40686000, 0xb5b11a52</blockid>
      <transform>
        <scale>1</scale>
        <position>-0.284525,0.186499,0.571924</position>
        <triangledirection>-0.195055,-0.980790,0.00148171</triangledirection>
        <trianglepickorigin>0,0,0</trianglepickorigin>
        <orientation>
          <row0>-0.980792,0.195056,1.80304e-6</row0>
          <row1>-0.169514,-0.852364,0.494711</row1>
          <row2>0.0964980,0.485208,0.869057</row2>
        </orientation>
        <userorientation>
          <userorientation_row0>1,0,0</userorientation_row0>
          <userorientation_row1>0,0.869789,-0.493423</userorientation_row1>
          <userorientation_row2>0,0.493423,0.869789</userorientation_row2>
        </userorientation>
      </transform>
      <snapped>false</snapped>
      <handles count="3">
        <weight channel="0x7cc96c02">0.376751</weight>
        <weight channel="0x503283aa">0.452358</weight>
        <weight channel="0xe20e2032">0</weight>
      </handles>
      <isasymmetric>true</isasymmetric>
    </blockref>
    <blockref>
      <blockid>0x40686000, 0x6181ec2a</blockid>
      <transform>
        <scale>1</scale>
        <position>-0.443603,-0.299481,0.645826</position>
        <triangledirection>-0.703487,0.709388,-0.0431723</triangledirection>
        <trianglepickorigin>0,0,0</trianglepickorigin>
        <orientation>
          <row0>0.983855,-0.178966,1.75833e-6</row0>
          <row1>0.102434,0.563116,-0.820004</row1>
          <row2>0.146752,0.806765,0.572357</row2>
        </orientation>
        <userorientation>
          <userorientation_row0>0.561136,0.667718,0.489159</userorientation_row0>
          <userorientation_row1>-0.819086,0.362809,0.444361</userorientation_row1>
          <userorientation_row2>0.119240,-0.650016,0.750506</userorientation_row2>
        </userorientation>
      </transform>
      <snapped>false</snapped>
      <handles count="4">
        <weight channel="0xe6f2c2b9">0.497033</weight>
        <weight channel="0x7cc96c02">0.498735</weight>
        <weight channel="0xd02751de">0.502662</weight>
        <weight channel="0x503283aa">0</weight>
      </handles>
      <isasymmetric>true</isasymmetric>
    </blockref>
    <blockref>
      <blockid>0x40686000, 0x6181ec2b</blockid>
      <transform>
        <scale>0.817197</scale>
        <position>-0.509369,-0.121154,0.803276</position>
        <triangledirection>-0.0835564,0.586437,-0.805673</triangledirection>
        <trianglepickorigin>0,0,0</trianglepickorigin>
        <orientation>
          <row0>0.990001,0.141056,-3.94880e-7</row0>
          <row1>-0.0835564,0.586437,-0.805673</row1>
          <row2>-0.113645,0.797618,0.592359</row2>
        </orientation>
      </transform>
      <snapped>false</snapped>
      <handles count="4">
        <weight channel="0x94c59a9d">0.499267</weight>
        <weight channel="0xe6f2c2b9">0</weight>
        <weight channel="0x7cc96c02">6.89919e-16</weight>
        <weight channel="0xd02751de">0.388401</weight>
      </handles>
      <isasymmetric>true</isasymmetric>
    </blockref>
    <blockref>
      <blockid>0x40686000, 0x86227dd9</blockid>
      <transform>
        <scale>1.349853</scale>
        <position>-0.429341,0.0852981,0.990825</position>
        <triangledirection>0.613214,0.274990,-0.740505</triangledirection>
        <trianglepickorigin>0,0,0</trianglepickorigin>
        <orientation>
          <row0>0.409181,-0.912453,5.66244e-7</row0>
          <row1>0.613214,0.274990,-0.740505</row1>
          <row2>0.675676,0.303001,0.672050</row2>
        </orientation>
      </transform>
      <snapped>false</snapped>
      <handles count="2">
        <weight channel="0x2e6521f4">0.499125</weight>
        <weight channel="0xd02751de">0.500226</weight>
      </handles>
      <isasymmetric>true</isasymmetric>
    </blockref>
    <blockref>
      <blockid>0x40686000, 0xf2102f53</blockid>
      <transform>
        <scale>1</scale>
        <position>0,-0.0718196,0.828256</position>
        <triangledirection>0,0.862624,0.505844</triangledirection>
