<?xml version="1.0" encoding="UTF-8"?><sporemodel>
  <formatversion>18</formatversion>
  <properties>
    <modeltype>0x98e03c0d</modeltype>
    <zcorpscore>17</zcorpscore>
  </properties>
  <blocks count="69">
    <blockref>
      <blockid>0x40646000, 0x35541d97</blockid>
      <transform>
        <scale>1.077884</scale>
        <position>0,-0.375436,0.991641</position>
        <triangledirection>0,1,0</triangledirection>
        <trianglepickorigin>0,0,0</trianglepickorigin>
        <orientation>
          <row0>1,0,0</row0>
          <row1>0,1,0</row1>
          <row2>0,0,1</row2>
        </orientation>
      </transform>
      <snapped>false</snapped>
      <paintlist count="2">
        <paint>
          <paintregion>0x00000005</paintregion>
          <paintid>0x2d7df29c</paintid>
          <color1>0.122000,0.298000,0.0469999</color1>
          <color2>1,1,1</color2>
        </paint>
        <paint>
          <paintregion>0x00000006</paintregion>
          <paintid>0x2d7df29c</paintid>
          <color1>0.122000,0.298000,0.0469999</color1>
          <color2>1,1,1</color2>
        </paint>
      </paintlist>
      <childlist count="8">
        <childid>59</childid>
        <childid>48</childid>
        <childid>46</childid>
        <childid>45</childid>
        <childid>44</childid>
        <childid>38</childid>
        <childid>2</childid>
        <childid>1</childid>
      </childlist>
      <handles count="4">
        <weight channel="0x9bfe8bf8">0</weight>
        <weight channel="0x2e6521f4">0</weight>
        <weight channel="0x7cc96c02">0.0341997</weight>
        <weight channel="0xd02751de">0.193398</weight>
      </handles>
      <isasymmetric>false</isasymmetric>
    </blockref>
    <blockref>
      <blockid>0x40646000, 0x5304f75b</blockid>
      <transform>
        <scale>0.860708</scale>
        <position>0,-0.0275050,2.283396</position>
        <triangledirection>0,-0.110985,-0.993822</triangledirection>
        <trianglepickorigin>0,0,0</trianglepickorigin>
        <orientation>
          <row0>-1.000000,0,0</row0>
          <row1>0,-0.110985,-0.993822</row1>
          <row2>0,-0.993822,0.110985</row2>
        </orientation>
      </transform>
      <snapped>false</snapped>
      <paintlist count="3">
        <paint>
          <paintregion>0x00000004</paintregion>
          <paintid>0x2d7df29c</paintid>
          <color1>0.122000,0.298000,0.0469999</color1>
          <color2>1,1,1</color2>
        </paint>
        <paint>
          <paintregion>0x00000006</paintregion>
          <paintid>0x2d7df29c</paintid>
          <color1>0.122000,0.298000,0.0469999</color1>
          <color2>1,1,1</color2>
        </paint>
        <paint>
          <paintregion>0x00000032</paintregion>
          <paintid>0xf5967f30</paintid>
          <color1>1,1,1</color1>
          <color2>0.749019,0.749019,0.749019</color2>
        </paint>
      </paintlist>
      <handles count="3">
        <weight channel="0x9bfe8bf8">0.246767</weight>
        <weight channel="0x7cc96c02">0.348408</weight>
        <weight channel="0xd02751de">0.190273</weight>
      </handles>
      <isasymmetric>false</isasymmetric>
    </blockref>
    <blockref>
      <blockid>0x40646000, 0xce773670</blockid>
      <transform>
        <scale>0.548811</scale>
        <position>0,-0.653767,2.252565</position>
        <triangledirection>0,0.144064,-0.989568</triangledirection>
        <trianglepickorigin>0,0,0</trianglepickorigin>
        <orientation>
          <row0>1.000000,0,0</row0>
          <row1>0,0.144064,-0.989568</row1>
          <row2>0,0.989568,0.144064</row2>
        </orientation>
      </transform>
      <snapped>false</snapped>
      <paintlist count="3">
        <paint>
          <paintregion>0x00000004</paintregion>
          <paintid>0x010b5b15</paintid>
          <color1>0.0939999,0.446999,0.384000</color1>
          <color2>0.352941,0.352941,0.352941</color2>
        </paint>
        <paint>
          <paintregion>0x00000006</paintregion>
          <paintid>0x010b5b15</paintid>
          <color1>0.0939999,0.446999,0.384000</color1>
          <color2>0.352941,0.352941,0.352941</color2>
        </paint>
        <paint>
          <paintregion>0x00000032</paintregion>
          <paintid>0xf5967f30</paintid>
          <color1>1,1,1</color1>
          <color2>0.749019,0.749019,0.749019</color2>
        </paint>
      </paintlist>
      <childlist count="1">
        <childid>3</childid>
      </childlist>
      <handles count="3">
        <weight channel="0x9bfe8bf8">0</weight>
        <weight channel="0x7cc96c02">0.175311</weight>
        <weight channel="0xd02751de">0</weight>
      </handles>
      <isasymmetric>false</isasymmetric>
    </blockref>
    <blockref>
      <blockid>0x40646000, 0xc2a4bd61</blockid>
      <transform>
        <scale>0.740818</scale>
        <position>0,-0.662692,2.286799</position>
        <triangledirection>0,0.307275,-0.951620</triangledirection>
        <trianglepickorigin>0,0,0</trianglepickorigin>
        <orientation>
          <row0>1,0,0</row0>
          <row1>0,0.424029,-0.905648</row1>
          <row2>0,0.905648,0.424029</row2>
        </orientation>
        <userorientation>
          <userorientation_row0>1,0,0</userorientation_row0>
          <userorientation_row1>0,0.992127,-0.125231</userorientation_row1>
          <userorientation_row2>0,0.125231,0.992127</userorientation_row2>
        </userorientation>
      </transform>
      <snapped>false</snapped>
      <paintlist count="2">
        <paint>
          <paintregion>0x00000004</paintregion>
          <paintid>0x010b5b15</paintid>
          <color1>0.0939999,0.446999,0.384000</color1>
          <color2>0.352941,0.352941,0.352941</color2>
        </paint>
        <paint>
          <paintregion>0x00000021</paintregion>
          <paintid>0x010b5b15</paintid>
          <color1>0.0939999,0.446999,0.384000</color1>
          <color2>0.352941,0.352941,0.352941</color2>
        </paint>
      </paintlist>
      <childlist count="1">
        <childid>4</childid>
      </childlist>
      <handles count="2">
        <weight channel="0x9bfe8bf8">0.563016</weight>
        <weight channel="0xd02751de">0</weight>
      </handles>
      <isasymmetric>false</isasymmetric>
    </blockref>
    <blockref>
      <blockid>0x40646000, 0x1d641f49</blockid>
      <transform>
        <scale>0.5</scale>
        <position>0,-0.681734,2.360144</position>
        <triangledirection>0,0.00748442,-0.999972</triangledirection>
        <trianglepickorigin>0,0,0</trianglepickorigin>
        <orientation>
          <row0>0,-0.982198,0.187846</row0>
          <row1>0,-0.187846,-0.982198</row1>
          <row2>1,0,0</row2>
        </orientation>
        <userorientation>
          <userorientation_row0>0.980765,0.195192,0</userorientation_row0>
          <userorientation_row1>-0.195192,0.980765,0</userorientation_row1>
          <userorientation_row2>0,0,1</userorientation_row2>
        </userorientation>
      </transform>
      <snapped>false</snapped>
      <paintlist count="2">
        <paint>
          <paintregion>0x00000005</paintregion>
          <paintid>0x6faf29a9</paintid>
          <color1>0.573000,0.254999,0.133000</color1>
          <color2>0.0196078,0.0196078,0.0196078</color2>
        </paint>
        <paint>
          <paintregion>0x00000006</paintregion>
          <paintid>0x6faf29a9</paintid>
          <color1>0.573000,0.254999,0.133000</color1>
          <color2>0.0196078,0.0196078,0.0196078</color2>
        </paint>
      </paintlist>
      <handles count="4">
        <weight channel="0xd02751de">0.652974</weight>
        <weight channel="0x808c04d9">0</weight>
        <weight channel="0x3af5266f">0</weight>
        <weight channel="0xbb7f0931">0</weight>
      </handles>
      <isasymmetric>false</isasymmetric>
    </blockref>
    <blockref>
      <blockid>0x40646000, 0xf0edee08</blockid>
      <transform>
        <scale>0.798516</scale>
        <position>1.221869,-0.258441,1.592617</position>
        <triangledirection>0,1,0</triangledirection>
        <trianglepickorigin>0,0,0</trianglepickorigin>
        <orientation>
          <row0>1,0,0</row0>
          <row1>0,1,0</row1>
          <row2>0,0,1</row2>
        </orientation>
        <userorientation>
          <userorientation_row0>1.02323e-7,0,1</userorientation_row0>
          <userorientation_row1>0,1,0</userorientation_row1>
          <userorientation_row2>-1,0,1.02323e-7</userorientation_row2>
        </userorientation>
      </transform>
      <snapped>false</snapped>
      <paintlist count="3">
        <paint>
          <paintregion>0x00000004</paintregion>
          <paintid>0x010b5b15</paintid>
          <color1>0.0939999,0.446999,0.384000</color1>
          <color2>0.521568,0.521568,0.521568</color2>
        </paint>
        <paint>
          <paintregion>0x00000014</paintregion>
          <paintid>0x2d7df29c</paintid>
          <color1>0.122000,0.298000,0.0469999</color1>
          <color2>0.207843,0.207843,0.207843</color2>
        </paint>
        <paint>
          <paintregion>0x00000015</paintregion>
          <paintid>0x2d7df29c</paintid>
          <color1>0.122000,0.298000,0.0469999</color1>
          <color2>1,1,1</color2>
        </paint>
      </paintlist>
      <childlist count="11">
        <childid>50</childid>
        <childid>35</childid>
        <childid>26</childid>
        <childid>22</childid>
        <childid>21</childid>
        <childid>20</childid>
        <childid>19</childid>
        <childid>18</childid>
        <childid>17</childid>
        <childid>16</childid>
        <childid>15</childid>
      </childlist>
      <symmetric>6</symmetric>
      <handles count="4">
        <weight channel="0x9bfe8bf8">0.145750</weight>
        <weight channel="0x2e6521f4">0.219946</weight>
        <weight channel="0x7cc96c02">0.439179</weight>
        <weight channel="0xd02751de">0.322362</weight>
      </handles>
      <isasymmetric>true</isasymmetric>
    </blockref>
    <blockref>
      <blockid>0x40646000, 0xf0edee08</blockid>
      <transform>
        <scale>0.798516</scale>
        <position>-1.220124,-0.228426,1.585970</position>
        <triangledirection>0,1,0</triangledirection>
        <trianglepickorigin>0,0,0</trianglepickorigin>
        <orientation>
          <row0>1,0,0</row0>
          <row1>0,1,0</row1>
          <row2>0,0,1</row2>
        </orientation>
        <userorientation>
          <userorientation_row0>-1.49011e-8,0,-1</userorientation_row0>
          <userorientation_row1>0,1,0</userorientation_row1>
          <userorientation_row2>1,0,-1.49011e-8</userorientation_row2>
        </userorientation>
      </transform>
      <snapped>false</snapped>
      <paintlist count="3">
        <paint>
          <paintregion>0x00000004</paintregion>
          <paintid>0x2d7df29c</paintid>
          <color1>0.122000,0.298000,0.0469999</color1>
          <color2>0.772549,0.772549,0.772549</color2>
        </paint>
        <paint>
          <paintregion>0x00000014</paintregion>
          <paintid>0x2d7df29c</paintid>
          <color1>0.122000,0.298000,0.0469999</color1>
          <color2>0.207843,0.207843,0.207843</color2>
        </paint>
        <paint>
          <paintregion>0x00000015</paintregion>
          <paintid>0x2d7df29c</paintid>
          <color1>0.122000,0.298000,0.0469999</color1>
          <color2>1,1,1</color2>
        </paint>
      </paintlist>
      <childlist count="10">
        <childid>49</childid>
        <childid>33</childid>
        <childid>32</childid>
        <childid>29</childid>
        <childid>23</childid>
        <childid>13</childid>
        <childid>11</childid>
        <childid>9</childid>
        <childid>8</childid>
        <childid>7</childid>
      </childlist>
      <symmetric>5</symmetric>
      <handles count="4">
        <weight channel="0x9bfe8bf8">0.137276</weight>
        <weight channel="0x2e6521f4">0.219946</weight>
        <weight channel="0x7cc96c02">0.439179</weight>
        <weight channel="0xd02751de">0.322362</weight>
      </handles>
      <isasymmetric>true</isasymmetric>
    </blockref>
    <blockref>
      <blockid>0x40646000, 0x865d220d</blockid>
      <transform>
        <scale>0.406569</scale>
        <position>-0.708002,-1.098627,1.481849</position>
        <triangledirection>-1.61243e-7,1,-2.33186e-8</triangledirection>
        <trianglepickorigin>0,0,0</trianglepickorigin>
        <orientation>
          <row0>0,-1,0</row0>
          <row1>0.989704,0,0.143128</row1>
          <row2>-0.143128,0,0.989704</row2>
        </orientation>
        <userorientation>
          <userorientation_row0>-1.53700e-7,0.943405,0.331641</userorientation_row0>
          <userorientation_row1>-1,-1.62920e-7,0</userorientation_row1>
          <userorientation_row2>5.40313e-8,-0.331641,0.943405</userorientation_row2>
        </userorientation>
      </transform>
      <snapped>false</snapped>
      <paintlist count="2">
        <paint>
          <paintregion>0x00000005</paintregion>
          <paintid>0x010b5b15</paintid>
          <color1>0.0939999,0.446999,0.384000</color1>
          <color2>0.521568,0.521568,0.521568</color2>
        </paint>
        <paint>
          <paintregion>0x00000006</paintregion>
          <paintid>0x010b5b15</paintid>
          <color1>0.0939999,0.446999,0.384000</color1>
          <color2>0.521568,0.521568,0.521568</color2>
        </paint>
      </paintlist>
      <symmetric>8</symmetric>
      <handles count="4">
        <weight channel="0x9bfe8bf8">0</weight>
        <weight channel="0x2e6521f4">0</weight>
        <weight channel="0x7cc96c02">0</weight>
        <weight channel="0xd02751de">0</weight>
      </handles>
      <isasymmetric>true</isasymmetric>
    </blockref>
    <blockref>
      <blockid>0x40646000, 0x865d220d</blockid>
      <transform>
        <scale>0.406569</scale>
        <position>-0.896988,-1.063446,1.445936</position>
        <triangledirection>0.434742,0.900411,0.0160791</triangledirection>
        <trianglepickorigin>0,0,0</trianglepickorigin>
        <orientation>
          <row0>-3.57253e-7,-1,-1.63685e-8</row0>
          <row1>0.998952,-3.57627e-7,0.0457696</row1>
          <row2>-0.0457696,-1.33226e-15,0.998952</row2>
        </orientation>
        <userorientation>
          <userorientation_row0>-0.434274,-0.899315,-0.0513553</userorientation_row0>
          <userorientation_row1>-0.900411,0.435022,-0.00383576</userorientation_row1>
          <userorientation_row2>0.0257903,0.0445751,-0.998673</userorientation_row2>
        </userorientation>
      </transform>
      <snapped>false</snapped>
      <paintlist count="2">
        <paint>
          <paintregion>0x00000005</paintregion>
          <paintid>0x010b5b15</paintid>
          <color1>0.0939999,0.446999,0.384000</color1>
          <color2>0.521568,0.521568,0.521568</color2>
        </paint>
        <paint>
          <paintregion>0x00000006</paintregion>
          <paintid>0x010b5b15</paintid>
          <color1>0.0939999,0.446999,0.384000</color1>
          <color2>0.521568,0.521568,0.521568</color2>
        </paint>
      </paintlist>
      <symmetric>7</symmetric>
      <handles count="4">
        <weight channel="0x9bfe8bf8">0</weight>
        <weight channel="0x2e6521f4">0</weight>
        <weight channel="0x7cc96c02">0</weight>
        <weight channel="0xd02751de">0</weight>
      </handles>
      <isasymmetric>true</isasymmetric>
    </blockref>
    <blockref>
      <blockid>0x40646000, 0x865d220d</blockid>
      <transform>
        <scale>0.406569</scale>
        <position>-1.116928,-0.752912,1.451070</position>
        <triangledirection>0.998173,0.0604020,-0.00131465</triangledirection>
        <trianglepickorigin>0,0,0</trianglepickorigin>
        <orientation>
          <row0>1.19218e-7,-1,-7.35697e-10</row0>
          <row1>0.999971,1.19209e-7,0.00750001</row1>
          <row2>-0.00750001,-1.62981e-9,0.999971</row2>
        </orientation>
        <userorientation>
          <userorientation_row0>0.989852,0.0587599,-0.129377</userorientation_row0>
          <userorientation_row1>-0.0604019,0.998135,-0.00880093</userorientation_row1>
          <userorientation_row2>0.128619,0.0165262,0.991556</userorientation_row2>
        </userorientation>
      </transform>
      <snapped>false</snapped>
      <paintlist count="2">
        <paint>
          <paintregion>0x00000005</paintregion>
          <paintid>0x010b5b15</paintid>
          <color1>0.0939999,0.446999,0.384000</color1>
          <color2>0.521568,0.521568,0.521568</color2>
        </paint>
        <paint>
          <paintregion>0x00000006</paintregion>
          <paintid>0x010b5b15</paintid>
          <color1>0.0939999,0.446999,0.384000</color1>
          <color2>0.521568,0.521568,0.521568</color2>
        </paint>
      </paintlist>
      <childlist count="1">
        <childid>10</childid>
      </childlist>
      <symmetric>11</symmetric>
      <handles count="4">
        <weight channel="0x9bfe8bf8">0</weight>
        <weight channel="0x2e6521f4">0</weight>
        <weight channel="0x7cc96c02">0</weight>
        <weight channel="0xd02751de">0</weight>
      </handles>
      <isasymmetric>true</isasymmetric>
    </blockref>
    <blockref>
      <blockid>0x40646000, 0x865d220d</blockid>
      <transform>
        <scale>0.406569</scale>
        <position>-1.133728,-0.603902,1.457581</position>
        <triangledirection>0.999620,0.000628320,0.0275572</triangledirection>
        <trianglepickorigin>0,0,0</trianglepickorigin>
        <orientation>
          <row0>0,-1,0</row0>
          <row1>0.999855,0,-0.0170270</row1>
          <row2>0.0170270,0,0.999855</row2>
        </orientation>
        <userorientation>
          <userorientation_row0>-0.999637,0.000571611,-0.0269022</userorientation_row0>
          <userorientation_row1>-0.000628320,0.999005,0.0445738</userorientation_row1>
          <userorientation_row2>0.0269009,0.0445745,-0.998643</userorientation_row2>
        </userorientation>
      </transform>
      <snapped>false</snapped>
      <paintlist count="2">
        <paint>
          <paintregion>0x00000005</paintregion>
          <paintid>0x010b5b15</paintid>
          <color1>0.0939999,0.446999,0.384000</color1>
          <color2>0.521568,0.521568,0.521568</color2>
        </paint>
        <paint>
          <paintregion>0x00000006</paintregion>
          <paintid>0x010b5b15</paintid>
          <color1>0.0939999,0.446999,0.384000</color1>
          <color2>0.521568,0.521568,0.521568</color2>
        </paint>
      </paintlist>
      <symmetric>18</symmetric>
      <handles count="4">
        <weight channel="0x9bfe8bf8">0</weight>
        <weight channel="0x2e6521f4">0</weight>
        <weight channel="0x7cc96c02">0</weight>
        <weight channel="0xd02751de">0</weight>
      </handles>
      <isasymmetric>true</isasymmetric>
    </blockref>
    <blockref>
      <blockid>0x40646000, 0x865d220d</blockid>
      <transform>
        <scale>0.406569</scale>
        <position>-1.142126,0.0104564,1.653376</position>
        <triangledirection>0.998135,0.0604017,-0.00880166</triangledirection>
        <trianglepickorigin>0,0,0</trianglepickorigin>
        <orientation>
          <row0>-1.19209e-7,-1,8.69977e-14</row0>
          <row1>1,-1.19209e-7,-7.29790e-7</row1>
          <row2>7.29790e-7,1.35525e-20,1</row2>
        </orientation>
        <userorientation>
          <userorientation_row0>0.000479616,0.00884605,0.999960</userorientation_row0>
          <userorientation_row1>-0.0604019,0.998135,-0.00880093</userorientation_row1>
          <userorientation_row2>-0.998174,-0.0603953,0.00101304</userorientation_row2>
        </userorientation>
      </transform>
      <snapped>false</snapped>
      <paintlist count="2">
        <paint>
          <paintregion>0x00000005</paintregion>
          <paintid>0x010b5b15</paintid>
          <color1>0.0939999,0.446999,0.384000</color1>
          <color2>0.521568,0.521568,0.521568</color2>
        </paint>
        <paint>
          <paintregion>0x00000006</paintregion>
          <paintid>0x010b5b15</paintid>
          <color1>0.0939999,0.446999,0.384000</color1>
          <color2>0.521568,0.521568,0.521568</color2>
        </paint>
      </paintlist>
      <childlist count="2">
        <childid>14</childid>
        <childid>12</childid>
      </childlist>
      <symmetric>9</symmetric>
      <handles count="4">
        <weight channel="0x9bfe8bf8">0.0605079</weight>
        <weight channel="0x2e6521f4">0</weight>
        <weight channel="0x7cc96c02">0</weight>
        <weight channel="0xd02751de">0</weight>
      </handles>
      <isasymmetric>true</isasymmetric>
    </blockref>
    <blockref>
      <blockid>0x40646000, 0x865d220d</blockid>
      <transform>
        <scale>0.406569</scale>
        <position>-1.154855,-0.131257,1.555680</position>
        <triangledirection>0.991953,0.0604017,0.111261</triangledirection>
        <trianglepickorigin>0,0,0</trianglepickorigin>
        <orientation>
          <row0>-1.18344e-7,-1,-1.43316e-8</row0>
          <row1>0.992746,-1.19209e-7,0.120222</row1>
          <row2>-0.120222,0,0.992746</row2>
        </orientation>
        <userorientation>
          <userorientation_row0>0.896836,0.0503967,-0.439482</userorientation_row0>
          <userorientation_row1>-0.0604019,0.998135,-0.00880093</userorientation_row1>
          <userorientation_row2>0.438219,0.0344386,0.898207</userorientation_row2>
        </userorientation>
      </transform>
      <snapped>false</snapped>
      <paintlist count="2">
        <paint>
          <paintregion>0x00000005</paintregion>
          <paintid>0x010b5b15</paintid>
          <color1>0.0939999,0.446999,0.384000</color1>
          <color2>0.521568,0.521568,0.521568</color2>
        </paint>
        <paint>
          <paintregion>0x00000006</paintregion>
          <paintid>0x010b5b15</paintid>
          <color1>0.0939999,0.446999,0.384000</color1>
          <color2>0.521568,0.521568,0.521568</color2>
        </paint>
      </paintlist>
      <childlist count="1">
        <childid>24</childid>
      </childlist>
      <symmetric>13</symmetric>
      <handles count="4">
        <weight channel="0x9bfe8bf8">0</weight>
        <weight channel="0x2e6521f4">0</weight>
        <weight channel="0x7cc96c02">0</weight>
        <weight channel="0xd02751de">0</weight>
      </handles>
      <isasymmetric>true</isasymmetric>
    </blockref>
    <blockref>
      <blockid>0x40646000, 0x865d220d</blockid>
      <transform>
        <scale>0.406569</scale>
        <position>-0.609776,0.209523,1.851828</position>
        <triangledirection>-0.103279,-0.979206,-0.174610</triangledirection>
        <trianglepickorigin>0,0,0</trianglepickorigin>
        <orientation>
          <row0>-2.02172e-7,-1,4.35950e-7</row0>
          <row1>0.304940,-4.76837e-7,-0.952371</row1>
          <row2>0.952371,-5.96046e-8,0.304940</row2>
        </orientation>
        <userorientation>
          <userorientation_row0>-0.109358,-0.278693,-0.954133</userorientation_row0>
          <userorientation_row1>0.979206,0.134800,-0.151606</userorientation_row1>
          <userorientation_row2>0.170869,-0.950872,0.258157</userorientation_row2>
        </userorientation>
      </transform>
      <snapped>false</snapped>
      <paintlist count="2">
        <paint>
          <paintregion>0x00000005</paintregion>
          <paintid>0xf5967f30</paintid>
          <color1>1,1,1</color1>
          <color2>0.749019,0.749019,0.749019</color2>
        </paint>
        <paint>
          <paintregion>0x00000006</paintregion>
          <paintid>0x010b5b15</paintid>
          <color1>0.0939999,0.446999,0.384000</color1>
          <color2>0.521568,0.521568,0.521568</color2>
        </paint>
      </paintlist>
      <symmetric>12</symmetric>
      <handles count="4">
        <weight channel="0x9bfe8bf8">0</weight>
        <weight channel="0x2e6521f4">0.263694</weight>
        <weight channel="0x7cc96c02">0</weight>
        <weight channel="0xd02751de">0</weight>
      </handles>
      <isasymmetric>true</isasymmetric>
    </blockref>
    <blockref>
      <blockid>0x40646000, 0x865d220d</blockid>
      <transform>
        <scale>0.301194</scale>
        <position>-1.142696,0.141246,1.858794</position>
        <triangledirection>0.659286,-0.739834,-0.134116</triangledirection>
        <trianglepickorigin>0,0,0</trianglepickorigin>
        <orientation>
          <row0>-1.10927e-7,-1.000000,4.61294e-8</row0>
          <row1>0.963839,-1.19209e-7,-0.266482</row1>
          <row2>0.266482,1.49011e-8,0.963839</row2>
        </orientation>
        <userorientation>
          <userorientation_row0>-0.657870,0.707253,0.258842</userorientation_row0>
          <userorientation_row1>0.739833,0.671186,0.0464213</userorientation_row1>
          <userorientation_row2>-0.140899,0.222039,-0.964803</userorientation_row2>
        </userorientation>
      </transform>
      <snapped>false</snapped>
      <paintlist count="2">
        <paint>
          <paintregion>0x00000005</paintregion>
          <paintid>0x010b5b15</paintid>
          <color1>0.0939999,0.446999,0.384000</color1>
          <color2>0.521568,0.521568,0.521568</color2>
        </paint>
        <paint>
          <paintregion>0x00000006</paintregion>
          <paintid>0x010b5b15</paintid>
          <color1>0.0939999,0.446999,0.384000</color1>
          <color2>0.521568,0.521568,0.521568</color2>
        </paint>
      </paintlist>
      <symmetric>22</symmetric>
      <handles count="4">
        <weight channel="0x9bfe8bf8">0</weight>
        <weight channel="0x2e6521f4">0</weight>
        <weight channel="0x7cc96c02">0</weight>
        <weight channel="0xd02751de">0</weight>
      </handles>
      <isasymmetric>true</isasymmetric>
    </blockref>
    <blockref>
      <blockid>0x40646000, 0x865d220d</blockid>
      <transform>
        <scale>0.406569</scale>
        <position>0.706712,-1.130342,1.490155</position>
        <triangledirection>0.0411188,0.998896,-0.0226962</triangledirection>
        <trianglepickorigin>0,0,0</trianglepickorigin>
        <orientation>
          <row0>-3.56014e-7,-1,3.70551e-8</row0>
          <row1>-0.989454,3.57627e-7,0.144841</row1>
          <row2>-0.144841,1.49011e-8,-0.989454</row2>
        </orientation>
        <userorientation>
          <userorientation_row0>-0.0469664,0.935214,-0.350953</userorientation_row0>
          <userorientation_row1>-0.998896,-0.0439722,0.0165011</userorientation_row1>
          <userorientation_row2>-6.06006e-8,0.351341,0.936247</userorientation_row2>
        </userorientation>
      </transform>
      <snapped>false</snapped>
      <paintlist count="2">
        <paint>
          <paintregion>0x00000005</paintregion>
          <paintid>0xf5967f30</paintid>
          <color1>1,1,1</color1>
          <color2>0.749019,0.749019,0.749019</color2>
        </paint>
        <paint>
          <paintregion>0x00000006</paintregion>
          <paintid>0x010b5b15</paintid>
          <color1>0.0939999,0.446999,0.384000</color1>
          <color2>0.521568,0.521568,0.521568</color2>
        </paint>
      </paintlist>
      <childlist count="1">
        <childid>31</childid>
      </childlist>
      <handles count="4">
        <weight channel="0x9bfe8bf8">0</weight>
        <weight channel="0x2e6521f4">0</weight>
        <weight channel="0x7cc96c02">0</weight>
        <weight channel="0xd02751de">0</weight>
      </handles>
      <isasymmetric>true</isasymmetric>
    </blockref>
    <blockref>
      <blockid>0x40646000, 0x865d220d</blockid>
      <transform>
        <scale>0.406569</scale>
        <position>0.988779,-1.010976,1.466842</position>
        <triangledirection>-0.642162,0.764171,0.0605782</triangledirection>
        <trianglepickorigin>0,0,0</trianglepickorigin>
        <orientation>
          <row0>0,-1,0</row0>
          <row1>-0.992019,0,0.126084</row1>
          <row2>-0.126084,0,-0.992019</row2>
        </orientation>
        <userorientation>
          <userorientation_row0>0.641047,0.755492,0.135240</userorientation_row0>
          <userorientation_row1>-0.764171,0.644675,0.0208718</userorientation_row1>
          <userorientation_row2>-0.0714179,-0.116726,0.990592</userorientation_row2>
        </userorientation>
      </transform>
      <snapped>false</snapped>
      <paintlist count="2">
        <paint>
          <paintregion>0x00000005</paintregion>
          <paintid>0x010b5b15</paintid>
          <color1>0.0939999,0.446999,0.384000</color1>
          <color2>0.521568,0.521568,0.521568</color2>
        </paint>
        <paint>
          <paintregion>0x00000006</paintregion>
          <paintid>0x010b5b15</paintid>
          <color1>0.0939999,0.446999,0.384000</color1>
          <color2>0.521568,0.521568,0.521568</color2>
        </paint>
      </paintlist>
      <handles count="4">
        <weight channel="0x9bfe8bf8">0</weight>
        <weight channel="0x2e6521f4">0</weight>
        <weight channel="0x7cc96c02">0</weight>
        <weight channel="0xd02751de">0</weight>
      </handles>
      <isasymmetric>true</isasymmetric>
    </blockref>
    <blockref>
      <blockid>0x40646000, 0x865d220d</blockid>
      <transform>
        <scale>0.406569</scale>
        <position>1.104823,-0.536036,1.449678</position>
        <triangledirection>-0.996720,-0.0604019,-0.0538597</triangledirection>
        <trianglepickorigin>0,0,0</trianglepickorigin>
        <orientation>
          <row0>0,1.000000,0</row0>
          <row1>-0.998980,0,-0.0451519</row1>
          <row2>-0.0451519,0,0.998980</row2>
        </orientation>
        <userorientation>
          <userorientation_row0>0.989852,0.0587599,-0.129377</userorientation_row0>
          <userorientation_row1>-0.0604019,0.998135,-0.00880093</userorientation_row1>
          <userorientation_row2>0.128619,0.0165262,0.991556</userorientation_row2>
        </userorientation>
      </transform>
      <snapped>false</snapped>
      <paintlist count="2">
        <paint>
          <paintregion>0x00000005</paintregion>
          <paintid>0xf5967f30</paintid>
          <color1>1,1,1</color1>
          <color2>0.749019,0.749019,0.749019</color2>
        </paint>
        <paint>
          <paintregion>0x00000006</paintregion>
          <paintid>0x010b5b15</paintid>
          <color1>0.0939999,0.446999,0.384000</color1>
          <color2>0.521568,0.521568,0.521568</color2>
        </paint>
      </paintlist>
      <childlist count="1">
        <childid>30</childid>
      </childlist>
      <handles count="4">
        <weight channel="0x9bfe8bf8">0</weight>
        <weight channel="0x2e6521f4">0</weight>
        <weight channel="0x7cc96c02">0</weight>
        <weight channel="0xd02751de">0</weight>
      </handles>
      <isasymmetric>true</isasymmetric>
    </blockref>
    <blockref>
      <blockid>0x40646000, 0x865d220d</blockid>
      <transform>
        <scale>0.406569</scale>
        <position>1.091264,-0.728725,1.459861</position>
        <triangledirection>-0.999185,-0.000628320,0.0403519</triangledirection>
        <trianglepickorigin>0,0,0</trianglepickorigin>
        <orientation>
          <row0>9.83872e-13,1,-2.32828e-10</row0>
          <row1>-0.999991,0,-0.00422569</row1>
          <row2>-0.00422569,2.32830e-10,0.999991</row2>
        </orientation>
        <userorientation>
          <userorientation_row0>-0.999637,0.000571611,-0.0269022</userorientation_row0>
          <userorientation_row1>-0.000628320,0.999005,0.0445738</userorientation_row1>
          <userorientation_row2>0.0269009,0.0445745,-0.998643</userorientation_row2>
        </userorientation>
      </transform>
      <snapped>false</snapped>
      <paintlist count="2">
        <paint>
          <paintregion>0x00000005</paintregion>
          <paintid>0x010b5b15</paintid>
          <color1>0.0939999,0.446999,0.384000</color1>
          <color2>0.521568,0.521568,0.521568</color2>
        </paint>
        <paint>
          <paintregion>0x00000006</paintregion>
          <paintid>0x010b5b15</paintid>
          <color1>0.0939999,0.446999,0.384000</color1>
          <color2>0.521568,0.521568,0.521568</color2>
        </paint>
      </paintlist>
      <symmetric>10</symmetric>
      <handles count="4">
        <weight channel="0x9bfe8bf8">0</weight>
        <weight channel="0x2e6521f4">0</weight>
        <weight channel="0x7cc96c02">0</weight>
        <weight channel="0xd02751de">0</weight>
      </handles>
      <isasymmetric>true</isasymmetric>
    </blockref>
    <blockref>
      <blockid>0x40646000, 0x865d220d</blockid>
      <transform>
        <scale>0.406569</scale>
        <position>1.121031,-0.100066,1.541104</position>
        <triangledirection>-0.998173,-0.0604019,-0.000872181</triangledirection>
        <trianglepickorigin>0,0,0</trianglepickorigin>
        <orientation>
          <row0>0,1,0</row0>
          <row1>-0.999968,0,0.00794328</row1>
          <row2>0.00794328,0,0.999968</row2>
        </orientation>
        <userorientation>
          <userorientation_row0>-0.902554,-0.0583793,-0.426599</userorientation_row0>
          <userorientation_row1>-0.0604019,0.998135,-0.00880093</userorientation_row1>
          <userorientation_row2>0.426317,0.0178241,-0.904397</userorientation_row2>
        </userorientation>
      </transform>
      <snapped>false</snapped>
      <paintlist count="2">
        <paint>
          <paintregion>0x00000005</paintregion>
          <paintid>0xf5967f30</paintid>
          <color1>1,1,1</color1>
          <color2>0.749019,0.749019,0.749019</color2>
        </paint>
        <paint>
          <paintregion>0x00000006</paintregion>
          <paintid>0x010b5b15</paintid>
          <color1>0.0939999,0.446999,0.384000</color1>
          <color2>0.521568,0.521568,0.521568</color2>
        </paint>
      </paintlist>
      <handles count="4">
        <weight channel="0x9bfe8bf8">0</weight>
        <weight channel="0x2e6521f4">0</weight>
        <weight channel="0x7cc96c02">0</weight>
        <weight channel="0xd02751de">0</weight>
      </handles>
      <isasymmetric>true</isasymmetric>
    </blockref>
    <blockref>
      <blockid>0x40646000, 0x865d220d</blockid>
      <transform>
        <scale>0.406569</scale>
        <position>1.132788,-0.0546391,1.669497</position>
        <triangledirection>-0.993505,-0.0604020,-0.0964347</triangledirection>
        <trianglepickorigin>0,0,0</trianglepickorigin>
        <orientation>
          <row0>-1.18748e-7,1.000000,-1.04703e-8</row0>
          <row1>-0.996135,-1.19209e-7,-0.0878315</row1>
          <row2>-0.0878315,8.88178e-16,0.996135</row2>
        </orientation>
        <userorientation>
          <userorientation_row0>0.000479616,0.00884605,0.999960</userorientation_row0>
          <userorientation_row1>-0.0604019,0.998135,-0.00880093</userorientation_row1>
          <userorientation_row2>-0.998174,-0.0603953,0.00101304</userorientation_row2>
        </userorientation>
      </transform>
      <snapped>false</snapped>
      <paintlist count="2">
        <paint>
          <paintregion>0x00000005</paintregion>
          <paintid>0xf5967f30</paintid>
          <color1>1,1,1</color1>
          <color2>0.749019,0.749019,0.749019</color2>
        </paint>
        <paint>
          <paintregion>0x00000006</paintregion>
          <paintid>0x010b5b15</paintid>
          <color1>0.0939999,0.446999,0.384000</color1>
          <color2>0.521568,0.521568,0.521568</color2>
        </paint>
      </paintlist>
      <handles count="4">
        <weight channel="0x9bfe8bf8">0.0605079</weight>
        <weight channel="0x2e6521f4">0</weight>
        <weight channel="0x7cc96c02">0</weight>
        <weight channel="0xd02751de">0</weight>
      </handles>
      <isasymmetric>true</isasymmetric>
    </blockref>
    <blockref>
      <blockid>0x40646000, 0x865d220d</blockid>
      <transform>
        <scale>0.406569</scale>
        <position>0.621097,0.208560,1.875303</position>
        <triangledirection>-0.0106967,-0.993615,-0.112309</triangledirection>
        <trianglepickorigin>0,0,0</trianglepickorigin>
        <orientation>
          <row0>8.70703e-8,-1.000000,2.29814e-7</row0>
          <row1>-0.116914,-2.38418e-7,-0.993142</row1>
          <row2>0.993142,5.96046e-8,-0.116914</row2>
        </orientation>
        <userorientation>
          <userorientation_row0>0.0145397,-0.150060,0.988570</userorientation_row0>
          <userorientation_row1>0.993615,0.112789,0.00250708</userorientation_row1>
          <userorientation_row2>-0.111876,0.982222,0.150742</userorientation_row2>
        </userorientation>
      </transform>
      <snapped>false</snapped>
      <paintlist count="2">
        <paint>
          <paintregion>0x00000005</paintregion>
          <paintid>0xf5967f30</paintid>
          <color1>1,1,1</color1>
          <color2>0.749019,0.749019,0.749019</color2>
        </paint>
        <paint>
          <paintregion>0x00000006</paintregion>
          <paintid>0xf5967f30</paintid>
          <color1>1,1,1</color1>
          <color2>0.749019,0.749019,0.749019</color2>
        </paint>
      </paintlist>
      <handles count="4">
        <weight channel="0x9bfe8bf8">0</weight>
        <weight channel="0x2e6521f4">0.263694</weight>
        <weight channel="0x7cc96c02">0</weight>
        <weight channel="0xd02751de">0</weight>
      </handles>
      <isasymmetric>true</isasymmetric>
    </blockref>
    <blockref>
      <blockid>0x40646000, 0x865d220d</blockid>
      <transform>
        <scale>0.301194</scale>
        <position>1.115090,0.0971282,1.882275</position>
        <triangledirection>-0.805079,-0.521962,-0.281784</triangledirection>
        <trianglepickorigin>0,0,0</trianglepickorigin>
        <orientation>
          <row0>6.86432e-8,1,-2.89692e-8</row0>
          <row1>-0.970342,5.96046e-8,-0.241733</row1>
          <row2>-0.241733,4.47034e-8,0.970342</row2>
        </orientation>
        <userorientation>
          <userorientation_row0>0.838038,0.527844,0.138102</userorientation_row0>
          <userorientation_row1>-0.521962,0.849319,-0.0788129</userorientation_row1>
          <userorientation_row2>-0.158894,-0.00603603,0.987277</userorientation_row2>
        </userorientation>
      </transform>
      <snapped>false</snapped>
      <paintlist count="2">
        <paint>
          <paintregion>0x00000005</paintregion>
          <paintid>0x010b5b15</paintid>
          <color1>0.0939999,0.446999,0.384000</color1>
          <color2>0.521568,0.521568,0.521568</color2>
        </paint>
        <paint>
          <paintregion>0x00000006</paintregion>
          <paintid>0x010b5b15</paintid>
          <color1>0.0939999,0.446999,0.384000</color1>
          <color2>0.521568,0.521568,0.521568</color2>
        </paint>
      </paintlist>
      <symmetric>14</symmetric>
      <handles count="4">
        <weight channel="0x9bfe8bf8">0</weight>
        <weight channel="0x2e6521f4">0</weight>
        <weight channel="0x7cc96c02">0</weight>
        <weight channel="0xd02751de">0</weight>
      </handles>
      <isasymmetric>true</isasymmetric>
    </blockref>
    <blockref>
      <blockid>0x40646000, 0x865d220d</blockid>
      <transform>
        <scale>0.927743</scale>
        <position>-0.759901,-0.722299,1.492404</position>
        <triangledirection>-4.47034e-8,3.74848e-8,1.000000</triangledirection>
        <trianglepickorigin>0,0,0</trianglepickorigin>
        <orientation>
          <row0>2.35453e-7,1,-3.74848e-8</row0>
          <row1>0.987563,-2.38418e-7,-0.157222</row1>
          <row2>-0.157222,0,-0.987563</row2>
        </orientation>
        <userorientation>
          <userorientation_row0>1,0,0</userorientation_row0>
          <userorientation_row1>0,-0.157222,-0.987563</userorientation_row1>
          <userorientation_row2>0,0.987563,-0.157222</userorientation_row2>
        </userorientation>
      </transform>
      <snapped>false</snapped>
      <paintlist count="2">
        <paint>
