<?xml version="1.0" encoding="UTF-8"?><sporemodel>
  <formatversion>18</formatversion>
  <properties>
    <modeltype>0x4178b8e8</modeltype>
    <skineffect1>0x95540809</skineffect1>
    <skineffect2>0x47d7ef44</skineffect2>
    <skineffect3>0x0628c255</skineffect3>
    <skineffectseed1>1234</skineffectseed1>
    <skineffectseed2>1234</skineffectseed2>
    <skineffectseed3>1234</skineffectseed3>
    <skincolor1>0,0,0</skincolor1>
    <skincolor2>0.0431372,0.0431372,0.0431372</skincolor2>
    <skincolor3>0.0627449,0.0627449,0.0627449</skincolor3>
    <zcorpscore>0</zcorpscore>
  </properties>
  <blocks count="77">
    <blockref>
      <blockid>0x40626000, 0xd05c53a3</blockid>
      <transform>
        <scale>1.164615</scale>
        <position>0,-0.118128,0.862738</position>
        <triangledirection>0,0.998629,-0.0523343</triangledirection>
        <trianglepickorigin>0,0,0</trianglepickorigin>
        <orientation>
          <row0>1,0,0</row0>
          <row1>0,0.998629,-0.0523343</row1>
          <row2>0,0.0523343,0.998629</row2>
        </orientation>
      </transform>
      <snapped>false</snapped>
      <childlist count="12">
        <childid>73</childid>
        <childid>57</childid>
        <childid>56</childid>
        <childid>44</childid>
        <childid>41</childid>
        <childid>39</childid>
        <childid>36</childid>
        <childid>35</childid>
        <childid>34</childid>
        <childid>29</childid>
        <childid>26</childid>
        <childid>1</childid>
      </childlist>
      <isasymmetric>false</isasymmetric>
    </blockref>
    <blockref>
      <blockid>0x40626000, 0xd05c53a3</blockid>
      <transform>
        <scale>1.399948</scale>
        <position>0,-0.00758532,0.853725</position>
        <triangledirection>0,0.993914,-0.110154</triangledirection>
        <trianglepickorigin>0,0,0</trianglepickorigin>
        <orientation>
          <row0>1.000000,0,0</row0>
          <row1>0,0.993914,-0.110154</row1>
          <row2>0,0.110154,0.993914</row2>
        </orientation>
      </transform>
      <snapped>false</snapped>
      <childlist count="17">
        <childid>76</childid>
        <childid>75</childid>
        <childid>74</childid>
        <childid>47</childid>
        <childid>46</childid>
        <childid>45</childid>
        <childid>43</childid>
        <childid>42</childid>
        <childid>40</childid>
        <childid>38</childid>
        <childid>37</childid>
        <childid>22</childid>
        <childid>18</childid>
        <childid>14</childid>
        <childid>10</childid>
        <childid>6</childid>
        <childid>2</childid>
      </childlist>
      <isasymmetric>false</isasymmetric>
    </blockref>
    <blockref>
      <blockid>0x40626000, 0xe4f1979b</blockid>
      <transform>
        <limbtype>2</limbtype>
        <musclescale>0.5</musclescale>
        <basemusclescale>0.799996</basemusclescale>
        <scale>1</scale>
        <position>0.255497,-0.209764,0.632112</position>
        <triangledirection>-0.394919,-0.204762,0.895606</triangledirection>
        <trianglepickorigin>0,0,0</trianglepickorigin>
        <orientation>
          <row0>0.0593412,-0.978495,-0.197546</row0>
          <row1>-0.394919,-0.204762,0.895606</row1>
          <row2>-0.916797,0.0248685,-0.398577</row2>
        </orientation>
      </transform>
      <snapped>false</snapped>
      <childlist count="3">
        <childid>67</childid>
        <childid>51</childid>
        <childid>3</childid>
      </childlist>
      <symmetric>6</symmetric>
      <handles count="4">
        <weight channel="0x884317a9">0.124998</weight>
        <weight channel="0x1b486c71">0.312498</weight>
        <weight channel="0x9310d4c0">0.0436739</weight>
        <weight channel="0x1f59da43">0.5</weight>
      </handles>
      <isasymmetric>false</isasymmetric>
    </blockref>
    <blockref>
      <blockid>0x40626000, 0xe5f1990f</blockid>
      <transform>
        <limbtype>2</limbtype>
        <musclescale>0.5</musclescale>
        <basemusclescale>0.949998</basemusclescale>
        <scale>1</scale>
        <position>0.372343,-0.149180,0.367125</position>
        <triangledirection>0.431966,-0.153236,0.888776</triangledirection>
        <trianglepickorigin>0,0,0</trianglepickorigin>
        <orientation>
          <row0>0.0593420,-0.978495,-0.197546</row0>
          <row1>0.431966,-0.153236,0.888776</row1>
          <row2>-0.899935,-0.138075,0.413583</row2>
        </orientation>
      </transform>
      <snapped>true</snapped>
      <childlist count="2">
        <childid>61</childid>
        <childid>4</childid>
      </childlist>
      <symmetric>7</symmetric>
      <handles count="4">
        <weight channel="0x884317a9">0.312498</weight>
        <weight channel="0x1b486c71">0.124999</weight>
        <weight channel="0x9310d4c0">0.0150115</weight>
        <weight channel="0x1f59da43">0.5</weight>
      </handles>
      <isasymmetric>false</isasymmetric>
    </blockref>
    <blockref>
      <blockid>0x40626000, 0xe5f19909</blockid>
      <transform>
        <limbtype>2</limbtype>
        <musclescale>0.5</musclescale>
        <basemusclescale>0.799996</basemusclescale>
        <scale>1</scale>
        <position>0.313528,-0.128316,0.246116</position>
        <triangledirection>0.624451,-0.198751,0.755353</triangledirection>
        <trianglepickorigin>0,0,0</trianglepickorigin>
        <orientation>
          <row0>0.00796679,-0.965411,-0.260608</row0>
          <row1>0.624451,-0.198751,0.755353</row1>
          <row2>-0.781023,-0.168755,0.601269</row2>
        </orientation>
      </transform>
      <snapped>true</snapped>
      <childlist count="1">
        <childid>5</childid>
      </childlist>
      <symmetric>8</symmetric>
      <handles count="4">
        <weight channel="0x884317a9">0.124999</weight>
        <weight channel="0x1b486c71">0</weight>
        <weight channel="0x9310d4c0">0.00470758</weight>
        <weight channel="0x1f59da43">0</weight>
      </handles>
      <isasymmetric>false</isasymmetric>
    </blockref>
    <blockref>
      <blockid>0x40626000, 0xf54f0b90</blockid>
      <transform>
        <basemusclescale>0.699997</basemusclescale>
        <scale>1</scale>
        <position>0.264363,-0.112668,0.186645</position>
        <triangledirection>0,1,0</triangledirection>
        <trianglepickorigin>0,0,0</trianglepickorigin>
        <orientation>
          <row0>1,0,0</row0>
          <row1>0,1,0</row1>
          <row2>0,0,1</row2>
        </orientation>
      </transform>
      <snapped>true</snapped>
      <symmetric>9</symmetric>
      <isasymmetric>false</isasymmetric>
    </blockref>
    <blockref>
      <blockid>0x40626000, 0xe4f1979b</blockid>
      <transform>
        <limbtype>2</limbtype>
        <musclescale>0.5</musclescale>
        <basemusclescale>0.799996</basemusclescale>
        <scale>1</scale>
        <position>-0.255497,-0.209764,0.632112</position>
        <triangledirection>0.394918,-0.204763,0.895606</triangledirection>
        <trianglepickorigin>0,0,0</trianglepickorigin>
        <orientation>
          <row0>0.0593426,0.978495,0.197546</row0>
          <row1>0.394918,-0.204763,0.895606</row1>
          <row2>0.916797,0.0248672,-0.398577</row2>
        </orientation>
      </transform>
      <snapped>false</snapped>
      <childlist count="3">
        <childid>66</childid>
        <childid>50</childid>
        <childid>7</childid>
      </childlist>
      <symmetric>2</symmetric>
      <handles count="4">
        <weight channel="0x884317a9">0.124998</weight>
        <weight channel="0x1b486c71">0.312498</weight>
        <weight channel="0x9310d4c0">0.0436740</weight>
        <weight channel="0x1f59da43">0.5</weight>
      </handles>
      <isasymmetric>false</isasymmetric>
    </blockref>
    <blockref>
      <blockid>0x40626000, 0xe5f1990f</blockid>
      <transform>
        <limbtype>2</limbtype>
        <musclescale>0.5</musclescale>
        <basemusclescale>0.949998</basemusclescale>
        <scale>1</scale>
        <position>-0.372343,-0.149180,0.367125</position>
        <triangledirection>-0.431965,-0.153236,0.888776</triangledirection>
        <trianglepickorigin>0,0,0</trianglepickorigin>
        <orientation>
          <row0>0.0593422,0.978495,0.197546</row0>
          <row1>-0.431965,-0.153236,0.888776</row1>
          <row2>0.899935,-0.138075,0.413582</row2>
        </orientation>
      </transform>
      <snapped>true</snapped>
      <childlist count="2">
        <childid>60</childid>
        <childid>8</childid>
      </childlist>
      <symmetric>3</symmetric>
      <handles count="4">
        <weight channel="0x884317a9">0.312498</weight>
        <weight channel="0x1b486c71">0.124999</weight>
        <weight channel="0x9310d4c0">0.0150115</weight>
        <weight channel="0x1f59da43">0.5</weight>
      </handles>
      <isasymmetric>false</isasymmetric>
    </blockref>
    <blockref>
      <blockid>0x40626000, 0xe5f19909</blockid>
      <transform>
        <limbtype>2</limbtype>
        <musclescale>0.5</musclescale>
        <basemusclescale>0.799996</basemusclescale>
        <scale>1</scale>
        <position>-0.313528,-0.128316,0.246116</position>
        <triangledirection>-0.624451,-0.198751,0.755353</triangledirection>
        <trianglepickorigin>0,0,0</trianglepickorigin>
        <orientation>
          <row0>0.00796679,0.965411,0.260608</row0>
          <row1>-0.624451,-0.198751,0.755353</row1>
          <row2>0.781023,-0.168755,0.601269</row2>
        </orientation>
      </transform>
      <snapped>true</snapped>
      <childlist count="1">
        <childid>9</childid>
      </childlist>
      <symmetric>4</symmetric>
      <handles count="4">
        <weight channel="0x884317a9">0.124999</weight>
        <weight channel="0x1b486c71">0</weight>
        <weight channel="0x9310d4c0">0.00470759</weight>
        <weight channel="0x1f59da43">0</weight>
      </handles>
      <isasymmetric>false</isasymmetric>
    </blockref>
    <blockref>
      <blockid>0x40626000, 0x28393e86</blockid>
      <transform>
        <basemusclescale>0.699997</basemusclescale>
        <scale>1</scale>
        <position>-0.264363,-0.112668,0.186642</position>
        <triangledirection>0,1,0</triangledirection>
        <trianglepickorigin>0,0,0</trianglepickorigin>
        <orientation>
          <row0>1,0,0</row0>
          <row1>0,1,0</row1>
          <row2>0,0,1</row2>
        </orientation>
      </transform>
      <snapped>true</snapped>
      <symmetric>5</symmetric>
      <isasymmetric>false</isasymmetric>
    </blockref>
    <blockref>
      <blockid>0x40626000, 0xe4f1979b</blockid>
      <transform>
        <limbtype>2</limbtype>
        <musclescale>0.5</musclescale>
        <basemusclescale>0.799996</basemusclescale>
        <scale>1</scale>
        <position>-0.305381,-0.00219486,0.631229</position>
        <triangledirection>0.391238,-0.208629,0.896329</triangledirection>
        <trianglepickorigin>0,0,0</trianglepickorigin>
        <orientation>
          <row0>0.0729946,0.977931,0.195761</row0>
          <row1>0.391238,-0.208629,0.896329</row1>
          <row2>0.917390,0.0111620,-0.397832</row2>
        </orientation>
      </transform>
      <snapped>false</snapped>
      <childlist count="3">
        <childid>68</childid>
        <childid>48</childid>
        <childid>11</childid>
      </childlist>
      <symmetric>14</symmetric>
      <handles count="4">
        <weight channel="0x884317a9">0.124998</weight>
        <weight channel="0x1b486c71">0.312498</weight>
        <weight channel="0x9310d4c0">0.0432397</weight>
        <weight channel="0x1f59da43">0.5</weight>
      </handles>
      <isasymmetric>false</isasymmetric>
    </blockref>
    <blockref>
      <blockid>0x40626000, 0xe5f1990f</blockid>
      <transform>
        <limbtype>2</limbtype>
        <musclescale>0.5</musclescale>
        <basemusclescale>0.949998</basemusclescale>
        <scale>1</scale>
        <position>-0.420194,0.0590283,0.368197</position>
        <triangledirection>-0.416694,-0.148427,0.896847</triangledirection>
        <trianglepickorigin>0,0,0</trianglepickorigin>
        <orientation>
          <row0>0.0729942,0.977931,0.195761</row0>
          <row1>-0.416694,-0.148427,0.896847</row1>
          <row2>0.906111,-0.147037,0.396664</row2>
        </orientation>
      </transform>
      <snapped>true</snapped>
      <childlist count="2">
        <childid>62</childid>
        <childid>12</childid>
      </childlist>
      <symmetric>15</symmetric>
      <handles count="4">
        <weight channel="0x884317a9">0.312498</weight>
        <weight channel="0x1b486c71">0.124999</weight>
        <weight channel="0x9310d4c0">0.0150303</weight>
        <weight channel="0x1f59da43">0.5</weight>
      </handles>
      <isasymmetric>false</isasymmetric>
    </blockref>
    <blockref>
      <blockid>0x40626000, 0xe5f19909</blockid>
      <transform>
        <limbtype>2</limbtype>
        <musclescale>0.5</musclescale>
        <basemusclescale>0.799996</basemusclescale>
        <scale>1</scale>
        <position>-0.363416,0.0792527,0.245997</position>
        <triangledirection>-0.625166,-0.198978,0.754701</triangledirection>
        <trianglepickorigin>0,0,0</trianglepickorigin>
        <orientation>
          <row0>0.0152456,0.963659,0.266699</row0>
          <row1>-0.625166,-0.198978,0.754701</row1>
          <row2>0.780342,-0.178237,0.599413</row2>
        </orientation>
      </transform>
      <snapped>true</snapped>
      <childlist count="1">
        <childid>13</childid>
      </childlist>
      <symmetric>16</symmetric>
      <handles count="4">
        <weight channel="0x884317a9">0.124999</weight>
        <weight channel="0x1b486c71">0</weight>
        <weight channel="0x9310d4c0">0.00469142</weight>
        <weight channel="0x1f59da43">0</weight>
      </handles>
      <isasymmetric>false</isasymmetric>
    </blockref>
    <blockref>
      <blockid>0x40626000, 0x28393e86</blockid>
      <transform>
        <basemusclescale>0.699995</basemusclescale>
        <scale>1</scale>
        <position>-0.314251,0.0949010,0.186642</position>
        <triangledirection>0,1,0</triangledirection>
        <trianglepickorigin>0,0,0</trianglepickorigin>
        <orientation>
          <row0>1,0,0</row0>
          <row1>0,1,0</row1>
          <row2>0,0,1</row2>
        </orientation>
      </transform>
      <snapped>true</snapped>
      <symmetric>17</symmetric>
      <isasymmetric>false</isasymmetric>
    </blockref>
    <blockref>
      <blockid>0x40626000, 0xe4f1979b</blockid>
      <transform>
        <limbtype>2</limbtype>
        <musclescale>0.5</musclescale>
        <basemusclescale>0.799996</basemusclescale>
        <scale>1</scale>
        <position>0.305381,-0.00219486,0.631229</position>
        <triangledirection>-0.391238,-0.208629,0.896329</triangledirection>
        <trianglepickorigin>0,0,0</trianglepickorigin>
        <orientation>
          <row0>0.0729946,-0.977931,-0.195761</row0>
          <row1>-0.391238,-0.208629,0.896329</row1>
          <row2>-0.917390,0.0111620,-0.397832</row2>
        </orientation>
      </transform>
      <snapped>false</snapped>
      <childlist count="3">
        <childid>69</childid>
        <childid>49</childid>
        <childid>15</childid>
      </childlist>
      <symmetric>10</symmetric>
      <handles count="4">
        <weight channel="0x884317a9">0.124998</weight>
        <weight channel="0x1b486c71">0.312498</weight>
        <weight channel="0x9310d4c0">0.0432397</weight>
        <weight channel="0x1f59da43">0.5</weight>
      </handles>
      <isasymmetric>false</isasymmetric>
    </blockref>
    <blockref>
      <blockid>0x40626000, 0xe5f1990f</blockid>
      <transform>
        <limbtype>2</limbtype>
        <musclescale>0.5</musclescale>
        <basemusclescale>0.949998</basemusclescale>
        <scale>1</scale>
        <position>0.420194,0.0590283,0.368197</position>
        <triangledirection>0.416695,-0.148427,0.896847</triangledirection>
        <trianglepickorigin>0,0,0</trianglepickorigin>
        <orientation>
          <row0>0.0729950,-0.977931,-0.195761</row0>
          <row1>0.416695,-0.148427,0.896847</row1>
          <row2>-0.906110,-0.147038,0.396664</row2>
        </orientation>
      </transform>
      <snapped>true</snapped>
      <childlist count="2">
        <childid>63</childid>
        <childid>16</childid>
      </childlist>
      <symmetric>11</symmetric>
      <handles count="4">
        <weight channel="0x884317a9">0.312498</weight>
        <weight channel="0x1b486c71">0.124999</weight>
        <weight channel="0x9310d4c0">0.0150303</weight>
        <weight channel="0x1f59da43">0.5</weight>
      </handles>
      <isasymmetric>false</isasymmetric>
    </blockref>
    <blockref>
      <blockid>0x40626000, 0xe5f19909</blockid>
      <transform>
        <limbtype>2</limbtype>
        <musclescale>0.5</musclescale>
        <basemusclescale>0.799996</basemusclescale>
        <scale>1</scale>
        <position>0.363416,0.0792527,0.245997</position>
        <triangledirection>0.625166,-0.198978,0.754701</triangledirection>
        <trianglepickorigin>0,0,0</trianglepickorigin>
        <orientation>
          <row0>0.0152454,-0.963659,-0.266698</row0>
          <row1>0.625166,-0.198978,0.754701</row1>
          <row2>-0.780342,-0.178237,0.599414</row2>
        </orientation>
      </transform>
      <snapped>true</snapped>
      <childlist count="1">
        <childid>17</childid>
      </childlist>
      <symmetric>12</symmetric>
      <handles count="4">
        <weight channel="0x884317a9">0.124999</weight>
        <weight channel="0x1b486c71">0</weight>
        <weight channel="0x9310d4c0">0.00469141</weight>
        <weight channel="0x1f59da43">0</weight>
      </handles>
      <isasymmetric>false</isasymmetric>
    </blockref>
    <blockref>
      <blockid>0x40626000, 0xf54f0b90</blockid>
      <transform>
        <basemusclescale>0.699995</basemusclescale>
        <scale>1</scale>
        <position>0.314251,0.0949010,0.186645</position>
        <triangledirection>0,1,0</triangledirection>
        <trianglepickorigin>0,0,0</trianglepickorigin>
        <orientation>
          <row0>1,0,0</row0>
          <row1>0,1,0</row1>
          <row2>0,0,1</row2>
        </orientation>
      </transform>
      <snapped>true</snapped>
      <symmetric>13</symmetric>
      <isasymmetric>false</isasymmetric>
    </blockref>
    <blockref>
      <blockid>0x40626000, 0xe4f1979b</blockid>
      <transform>
        <limbtype>2</limbtype>
        <musclescale>0.5</musclescale>
        <basemusclescale>0.799996</basemusclescale>
        <scale>1</scale>
        <position>-0.207686,0.183920,0.574916</position>
        <triangledirection>0.435430,-0.232195,0.869761</triangledirection>
        <trianglepickorigin>0,0,0</trianglepickorigin>
        <orientation>
          <row0>0.0735895,0.972110,0.222677</row0>
          <row1>0.435430,-0.232195,0.869761</row1>
          <row2>0.897209,0.0329551,-0.440373</row2>
        </orientation>
      </transform>
      <snapped>false</snapped>
      <childlist count="3">
        <childid>70</childid>
        <childid>54</childid>
        <childid>19</childid>
      </childlist>
      <symmetric>22</symmetric>
      <handles count="4">
        <weight channel="0x884317a9">0.124998</weight>
        <weight channel="0x1b486c71">0.312498</weight>
        <weight channel="0x9310d4c0">0.0378951</weight>
        <weight channel="0x1f59da43">0.5</weight>
      </handles>
      <isasymmetric>false</isasymmetric>
    </blockref>
    <blockref>
      <blockid>0x40626000, 0xe5f1990f</blockid>
      <transform>
        <limbtype>2</limbtype>
        <musclescale>0.5</musclescale>
        <basemusclescale>0.949998</basemusclescale>
        <scale>1</scale>
        <position>-0.322497,0.245141,0.345584</position>
        <triangledirection>-0.462152,-0.164619,0.871387</triangledirection>
        <trianglepickorigin>0,0,0</trianglepickorigin>
        <orientation>
          <row0>0.0735900,0.972110,0.222676</row0>
          <row1>-0.462152,-0.164619,0.871387</row1>
          <row2>0.883741,-0.167036,0.437148</row2>
        </orientation>
      </transform>
      <snapped>true</snapped>
      <childlist count="2">
        <childid>64</childid>
        <childid>20</childid>
      </childlist>
      <symmetric>23</symmetric>
      <handles count="4">
        <weight channel="0x884317a9">0.312498</weight>
        <weight channel="0x1b486c71">0.124999</weight>
        <weight channel="0x9310d4c0">0.0126253</weight>
        <weight channel="0x1f59da43">0.5</weight>
      </handles>
      <isasymmetric>false</isasymmetric>
    </blockref>
    <blockref>
      <blockid>0x40626000, 0xe5f19909</blockid>
      <transform>
        <limbtype>2</limbtype>
        <musclescale>0.5</musclescale>
        <basemusclescale>0.799996</basemusclescale>
        <scale>1</scale>
        <position>-0.265717,0.265366,0.238530</position>
        <triangledirection>-0.671897,-0.213851,0.709099</triangledirection>
        <trianglepickorigin>0,0,0</trianglepickorigin>
        <orientation>
          <row0>0.00681620,0.955582,0.294644</row0>
          <row1>-0.671897,-0.213851,0.709099</row1>
          <row2>0.740613,-0.202804,0.640595</row2>
        </orientation>
      </transform>
      <snapped>true</snapped>
      <childlist count="1">
        <childid>21</childid>
      </childlist>
      <symmetric>24</symmetric>
      <handles count="4">
        <weight channel="0x884317a9">0.124999</weight>
        <weight channel="0x1b486c71">0</weight>
        <weight channel="0x9310d4c0">0.00370987</weight>
        <weight channel="0x1f59da43">0</weight>
      </handles>
      <isasymmetric>false</isasymmetric>
    </blockref>
    <blockref>
      <blockid>0x40626000, 0x28393e86</blockid>
      <transform>
        <basemusclescale>0.699997</basemusclescale>
        <scale>1</scale>
        <position>-0.216552,0.281015,0.186642</position>
        <triangledirection>0,1,0</triangledirection>
        <trianglepickorigin>0,0,0</trianglepickorigin>
        <orientation>
          <row0>1,0,0</row0>
          <row1>0,1,0</row1>
          <row2>0,0,1</row2>
        </orientation>
      </transform>
      <snapped>true</snapped>
      <symmetric>25</symmetric>
      <isasymmetric>false</isasymmetric>
    </blockref>
    <blockref>
      <blockid>0x40626000, 0xe4f1979b</blockid>
      <transform>
        <limbtype>2</limbtype>
        <musclescale>0.5</musclescale>
        <basemusclescale>0.799996</basemusclescale>
        <scale>1</scale>
        <position>0.207686,0.183920,0.574916</position>
        <triangledirection>-0.435417,-0.232188,0.869770</triangledirection>
        <trianglepickorigin>0,0,0</trianglepickorigin>
        <orientation>
          <row0>0.0735894,-0.972112,-0.222669</row0>
          <row1>-0.435417,-0.232188,0.869770</row1>
          <row2>-0.897215,0.0329480,-0.440361</row2>
        </orientation>
      </transform>
      <snapped>false</snapped>
      <childlist count="3">
        <childid>71</childid>
        <childid>55</childid>
        <childid>23</childid>
      </childlist>
      <symmetric>18</symmetric>
      <handles count="4">
        <weight channel="0x884317a9">0.124998</weight>
        <weight channel="0x1b486c71">0.312498</weight>
        <weight channel="0x9310d4c0">0.0378933</weight>
        <weight channel="0x1f59da43">0.5</weight>
      </handles>
      <isasymmetric>false</isasymmetric>
    </blockref>
    <blockref>
      <blockid>0x40626000, 0xe5f1990f</blockid>
      <transform>
        <limbtype>2</limbtype>
        <musclescale>0.5</musclescale>
        <basemusclescale>0.949998</basemusclescale>
        <scale>1</scale>
        <position>0.322489,0.245139,0.345593</position>
        <triangledirection>0.462138,-0.164615,0.871395</triangledirection>
        <trianglepickorigin>0,0,0</trianglepickorigin>
        <orientation>
          <row0>0.0735891,-0.972112,-0.222669</row0>
          <row1>0.462138,-0.164615,0.871395</row1>
          <row2>-0.883749,-0.167029,0.437136</row2>
        </orientation>
      </transform>
      <snapped>true</snapped>
      <childlist count="2">
        <childid>65</childid>
        <childid>24</childid>
      </childlist>
      <symmetric>19</symmetric>
      <handles count="4">
        <weight channel="0x884317a9">0.312498</weight>
        <weight channel="0x1b486c71">0.124999</weight>
        <weight channel="0x9310d4c0">0.0126259</weight>
        <weight channel="0x1f59da43">0.5</weight>
      </handles>
      <isasymmetric>false</isasymmetric>
    </blockref>
    <blockref>
      <blockid>0x40626000, 0xe5f19909</blockid>
      <transform>
        <limbtype>2</limbtype>
        <musclescale>0.5</musclescale>
        <basemusclescale>0.799996</basemusclescale>
        <scale>1</scale>
        <position>0.265711,0.265361,0.238532</position>
        <triangledirection>0.671883,-0.213847,0.709113</triangledirection>
        <trianglepickorigin>0,0,0</trianglepickorigin>
        <orientation>
          <row0>0.00681783,-0.955585,-0.294635</row0>
          <row1>0.671883,-0.213847,0.709113</row1>
          <row2>-0.740625,-0.202795,0.640584</row2>
        </orientation>
      </transform>
      <snapped>true</snapped>
      <childlist count="1">
        <childid>25</childid>
      </childlist>
      <symmetric>20</symmetric>
      <handles count="4">
        <weight channel="0x884317a9">0.124999</weight>
        <weight channel="0x1b486c71">0</weight>
        <weight channel="0x9310d4c0">0.00371014</weight>
        <weight channel="0x1f59da43">0</weight>
      </handles>
      <isasymmetric>false</isasymmetric>
    </blockref>
    <blockref>
      <blockid>0x40626000, 0xf54f0b90</blockid>
      <transform>
        <basemusclescale>0.699997</basemusclescale>
        <scale>1</scale>
        <position>0.216545,0.281011,0.186645</position>
        <triangledirection>0,1,0</triangledirection>
        <trianglepickorigin>0,0,0</trianglepickorigin>
        <orientation>
          <row0>1,0,0</row0>
          <row1>0,1,0</row1>
          <row2>0,0,1</row2>
        </orientation>
      </transform>
      <snapped>true</snapped>
      <symmetric>21</symmetric>
      <isasymmetric>false</isasymmetric>
    </blockref>
    <blockref>
      <blockid>0x40626000, 0xe4f1979b</blockid>
      <transform>
        <limbtype>2</limbtype>
        <musclescale>0.5</musclescale>
        <basemusclescale>0.799996</basemusclescale>
        <scale>1</scale>
        <position>-0.0810078,-0.353868,0.589249</position>
        <triangledirection>0.604816,0.121201,0.787087</triangledirection>
        <trianglepickorigin>0,0,0</trianglepickorigin>
        <orientation>
          <row0>0.0381667,0.982803,-0.180667</row0>
          <row1>0.604816,0.121201,0.787087</row1>
          <row2>0.795449,-0.139311,-0.589790</row2>
        </orientation>
      </transform>
      <snapped>false</snapped>
      <childlist count="2">
        <childid>52</childid>
        <childid>27</childid>
      </childlist>
      <symmetric>29</symmetric>
      <handles count="4">
        <weight channel="0x884317a9">0.124998</weight>
        <weight channel="0x1b486c71">0.312498</weight>
        <weight channel="0x9310d4c0">0.0483566</weight>
        <weight channel="0x1f59da43">0.5</weight>
      </handles>
      <isasymmetric>false</isasymmetric>
    </blockref>
    <blockref>
      <blockid>0x40626000, 0xe5f1990f</blockid>
      <transform>
        <limbtype>2</limbtype>
        <musclescale>0.5</musclescale>
        <basemusclescale>0.949998</basemusclescale>
        <scale>1</scale>
        <position>-0.275739,-0.392891,0.335835</position>
        <triangledirection>-0.392772,0.181001,0.901647</triangledirection>
        <trianglepickorigin>0,0,0</trianglepickorigin>
        <orientation>
          <row0>0.0381667,0.982803,-0.180666</row0>
          <row1>-0.392772,0.181001,0.901647</row1>
          <row2>0.918843,0.0365479,0.392926</row2>
        </orientation>
      </transform>
      <snapped>true</snapped>
      <childlist count="2">
        <childid>58</childid>
        <childid>28</childid>
      </childlist>
      <symmetric>30</symmetric>
      <handles count="4">
        <weight channel="0x884317a9">0.312498</weight>
        <weight channel="0x1b486c71">0.124999</weight>
        <weight channel="0x9310d4c0">0.0116312</weight>
        <weight channel="0x1f59da43">0.5</weight>
      </handles>
      <isasymmetric>false</isasymmetric>
    </blockref>
    <blockref>
      <blockid>0x40626000, 0xe5f19909</blockid>
      <transform>
        <limbtype>2</limbtype>
        <musclescale>0.5</musclescale>
        <basemusclescale>0.799996</basemusclescale>
        <scale>1</scale>
        <position>-0.229660,-0.414123,0.230057</position>
        <triangledirection>-0.567196,0.290157,-0.770776</triangledirection>
        <trianglepickorigin>0,0,0</trianglepickorigin>
        <orientation>
          <row0>0.441932,0.896962,0.0124519</row0>
          <row1>-0.567196,0.290157,-0.770776</row1>
          <row2>-0.694970,0.333568,0.636983</row2>
        </orientation>
      </transform>
      <snapped>true</snapped>
      <childlist count="1">
        <childid>33</childid>
      </childlist>
      <symmetric>31</symmetric>
      <handles count="4">
        <weight channel="0x884317a9">0.124999</weight>
        <weight channel="0x1b486c71">0</weight>
        <weight channel="0x9310d4c0">0.000427322</weight>
        <weight channel="0x1f59da43">0</weight>
      </handles>
      <isasymmetric>false</isasymmetric>
    </blockref>
    <blockref>
      <blockid>0x40626000, 0xe4f1979b</blockid>
      <transform>
        <limbtype>2</limbtype>
        <musclescale>0.5</musclescale>
        <basemusclescale>0.799996</basemusclescale>
        <scale>1</scale>
        <position>0.0810078,-0.353868,0.589249</position>
        <triangledirection>-0.604816,0.121201,0.787087</triangledirection>
        <trianglepickorigin>0,0,0</trianglepickorigin>
        <orientation>
          <row0>0.0381667,-0.982803,0.180667</row0>
          <row1>-0.604816,0.121201,0.787087</row1>
          <row2>-0.795449,-0.139311,-0.589790</row2>
        </orientation>
      </transform>
      <snapped>false</snapped>
      <childlist count="2">
        <childid>53</childid>
        <childid>30</childid>
      </childlist>
      <symmetric>26</symmetric>
      <handles count="4">
        <weight channel="0x884317a9">0.124998</weight>
        <weight channel="0x1b486c71">0.312498</weight>
        <weight channel="0x9310d4c0">0.0483566</weight>
        <weight channel="0x1f59da43">0.5</weight>
      </handles>
      <isasymmetric>false</isasymmetric>
    </blockref>
    <blockref>
      <blockid>0x40626000, 0xe5f1990f</blockid>
      <transform>
        <limbtype>2</limbtype>
        <musclescale>0.5</musclescale>
        <basemusclescale>0.949998</basemusclescale>
        <scale>1</scale>
        <position>0.275739,-0.392891,0.335835</position>
        <triangledirection>0.392772,0.181001,0.901647</triangledirection>
        <trianglepickorigin>0,0,0</trianglepickorigin>
        <orientation>
          <row0>0.0381667,-0.982803,0.180666</row0>
          <row1>0.392772,0.181001,0.901647</row1>
          <row2>-0.918843,0.0365479,0.392926</row2>
        </orientation>
      </transform>
      <snapped>true</snapped>
      <childlist count="2">
        <childid>59</childid>
        <childid>31</childid>
      </childlist>
      <symmetric>27</symmetric>
      <handles count="4">
        <weight channel="0x884317a9">0.312498</weight>
        <weight channel="0x1b486c71">0.124999</weight>
        <weight channel="0x9310d4c0">0.0116312</weight>
        <weight channel="0x1f59da43">0.5</weight>
      </handles>
      <isasymmetric>false</isasymmetric>
    </blockref>
    <blockref>
      <blockid>0x40626000, 0xe5f19909</blockid>
      <transform>
        <limbtype>2</limbtype>
        <musclescale>0.5</musclescale>
        <basemusclescale>0.799996</basemusclescale>
        <scale>1</scale>
        <position>0.229660,-0.414123,0.230057</position>
        <triangledirection>0.567196,0.290157,-0.770776</triangledirection>
        <trianglepickorigin>0,0,0</trianglepickorigin>
        <orientation>
          <row0>0.441932,-0.896962,-0.0124519</row0>
          <row1>0.567196,0.290157,-0.770776</row1>
          <row2>0.694970,0.333568,0.636983</row2>
        </orientation>
      </transform>
      <snapped>true</snapped>
      <childlist count="1">
        <childid>32</childid>
      </childlist>
      <symmetric>28</symmetric>
      <handles count="4">
        <weight channel="0x884317a9">0.124999</weight>
        <weight channel="0x1b486c71">0</weight>
        <weight channel="0x9310d4c0">0.000427323</weight>
        <weight channel="0x1f59da43">0</weight>
      </handles>
      <isasymmetric>false</isasymmetric>
    </blockref>
    <blockref>
      <blockid>0x40626000, 0xfbdcf3ad</blockid>
      <transform>
        <basemusclescale>0.550000</basemusclescale>
        <scale>0.740818</scale>
        <position>0.198530,-0.430049,0.272358</position>
        <triangledirection>0.193552,0.829201,0.524366</triangledirection>
        <trianglepickorigin>0,0,0</trianglepickorigin>
        <orientation>
          <row0>0.258256,-0.951341,-0.168085</row0>
          <row1>0.567196,0.290157,-0.770776</row1>
          <row2>0.782043,0.103720,0.614532</row2>
        </orientation>
        <userorientation>
          <userorientation_row0>-0.455574,0.647369,-0.611032</userorientation_row0>
          <userorientation_row1>-0.827006,-0.0537883,0.559612</userorientation_row1>
          <userorientation_row2>0.329410,0.760273,0.559882</userorientation_row2>
        </userorientation>
      </transform>
      <snapped>true</snapped>
      <symmetric>33</symmetric>
      <isasymmetric>false</isasymmetric>
    </blockref>
    <blockref>
      <blockid>0x40626000, 0xb6eae24b</blockid>
      <transform>
        <basemusclescale>0.550000</basemusclescale>
        <scale>0.740818</scale>
        <position>-0.198530,-0.430049,0.272358</position>
        <triangledirection>-0.193552,0.829201,0.524366</triangledirection>
        <trianglepickorigin>0,0,0</trianglepickorigin>
        <orientation>
          <row0>0.258256,0.951341,0.168085</row0>
          <row1>-0.567196,0.290157,-0.770776</row1>
          <row2>-0.782043,0.103720,0.614532</row2>
        </orientation>
        <userorientation>
          <userorientation_row0>-0.455574,-0.647369,0.611032</userorientation_row0>
          <userorientation_row1>0.827006,-0.0537883,0.559612</userorientation_row1>
          <userorientation_row2>-0.329410,0.760273,0.559882</userorientation_row2>
        </userorientation>
      </transform>
      <snapped>true</snapped>
      <symmetric>32</symmetric>
      <isasymmetric>false</isasymmetric>
    </blockref>
    <blockref>
      <blockid>0x40626000, 0x7728945a</blockid>
      <transform>
        <scale>0.927743</scale>
        <position>0.140760,-0.284347,0.818889</position>
        <triangledirection>-0.546127,0.626648,-0.555925</triangledirection>
        <trianglepickorigin>0,0,0</trianglepickorigin>
        <orientation>
          <row0>0.753452,0.657502,-2.53319e-7</row0>
          <row1>-0.544948,0.624472,-0.559522</row1>
          <row2>-0.367887,0.421573,0.828815</row2>
        </orientation>
        <userorientation>
          <userorientation_row0>0.999997,-0.000542025,-9.82639e-9</userorientation_row0>
          <userorientation_row1>0.000542020,0.999988,0.00433240</userorientation_row1>
          <userorientation_row2>-2.33843e-6,-0.00433240,0.999988</userorientation_row2>
        </userorientation>
      </transform>
      <snapped>false</snapped>
      <symmetric>35</symmetric>
      <isasymmetric>false</isasymmetric>
    </blockref>
    <blockref>
      <blockid>0x40626000, 0x7fa6f634</blockid>
      <transform>
        <scale>0.927743</scale>
        <position>-0.140760,-0.284347,0.818889</position>
        <triangledirection>0.546127,0.626648,-0.555925</triangledirection>
        <trianglepickorigin>0,0,0</trianglepickorigin>
        <orientation>
          <row0>0.753452,-0.657502,2.53319e-7</row0>
          <row1>0.544948,0.624472,-0.559522</row1>
          <row2>0.367887,0.421573,0.828815</row2>
        </orientation>
        <userorientation>
          <userorientation_row0>0.999997,0.000542025,9.82639e-9</userorientation_row0>
          <userorientation_row1>-0.000542020,0.999988,0.00433240</userorientation_row1>
          <userorientation_row2>2.33843e-6,-0.00433240,0.999988</userorientation_row2>
        </userorientation>
      </transform>
      <snapped>false</snapped>
      <symmetric>34</symmetric>
      <isasymmetric>false</isasymmetric>
    </blockref>
    <blockref>
      <blockid>0x40626000, 0x676ec1ce</blockid>
      <transform>
        <scale>0.798516</scale>
        <position>0,-0.378434,0.716522</position>
        <triangledirection>0,0.962620,0.270852</triangledirection>
        <trianglepickorigin>0,0,0</trianglepickorigin>
        <orientation>
          <row0>1.000000,0,0</row0>
          <row1>0,0.987492,-0.157668</row1>
          <row2>0,0.157668,0.987492</row2>
        </orientation>
        <userorientation>
          <userorientation_row0>1,0,0</userorientation_row0>
          <userorientation_row1>0,0.907875,0.419239</userorientation_row1>
          <userorientation_row2>0,-0.419239,0.907875</userorientation_row2>
        </userorientation>
      </transform>
      <snapped>false</snapped>
      <handles count="2">
        <weight channel="0x2e6521f4">0</weight>
        <weight channel="0xd02751de">0.247612</weight>
      </handles>
      <isasymmetric>false</isasymmetric>
    </blockref>
    <blockref>
      <blockid>0x40626000, 0x2ec1c2f1</blockid>
      <transform>
        <scale>1</scale>
        <position>0.224390,0.120277,0.770528</position>
        <triangledirection>0.00956287,0.593387,-0.804858</triangledirection>
        <trianglepickorigin>0,0,0</trianglepickorigin>
        <orientation>
          <row0>-0.562227,0.826982,-3.57627e-7</row0>
          <row1>-0.735648,-0.500133,-0.456823</row1>
          <row2>-0.377785,-0.256838,0.889557</row2>
        </orientation>
        <userorientation>
          <userorientation_row0>-0.729669,-0.519862,-0.444211</userorientation_row0>
          <userorientation_row1>0.485345,0.0638704,-0.871984</userorientation_row1>
          <userorientation_row2>0.481683,-0.851859,0.205706</userorientation_row2>
        </userorientation>
      </transform>
      <snapped>false</snapped>
      <symmetric>38</symmetric>
      <handles count="2">
        <weight channel="0x2e6521f4">0.200626</weight>
        <weight channel="0xd02751de">0.00608371</weight>
      </handles>
      <isasymmetric>false</isasymmetric>
    </blockref>
    <blockref>
      <blockid>0x40626000, 0xdaf43647</blockid>
      <transform>
        <scale>1</scale>
        <position>-0.224390,0.120277,0.770528</position>
        <triangledirection>-0.00956287,0.593387,-0.804858</triangledirection>
        <trianglepickorigin>0,0,0</trianglepickorigin>
        <orientation>
          <row0>-0.562227,-0.826982,3.57627e-7</row0>
          <row1>0.735648,-0.500133,-0.456823</row1>
          <row2>0.377785,-0.256838,0.889557</row2>
        </orientation>
        <userorientation>
          <userorientation_row0>-0.729669,0.519862,0.444211</userorientation_row0>
          <userorientation_row1>-0.485345,0.0638704,-0.871984</userorientation_row1>
          <userorientation_row2>-0.481683,-0.851859,0.205706</userorientation_row2>
        </userorientation>
      </transform>
      <snapped>false</snapped>
      <symmetric>37</symmetric>
      <handles count="2">
        <weight channel="0x2e6521f4">0.200626</weight>
